-153.327 -271.298 -368.174 -450.662 -522.439 -585.771 -642.184 -692.775 -738.368 -779.606 -817.005 -850.989 -881.913 -910.078 -935.742 -959.134 -980.45 -999.868 -1017.55 -1033.63 -1048.24 -1061.49 -1073.51 -1084.38 -1094.19 -1103.03 -1110.98 -1118.11 -1124.49 -1130.17 -1135.23 -1139.71 -1143.67 -1147.16 -1150.21 -1152.87 -1155.19 -1157.19 -1158.91 -1160.38 -1161.64 -1162.69 -1163.57 -1164.3 -1164.9 -1165.38 -1165.75 -1166.03 -1166.22 -1166.34 -1166.37 -1166.34 -1166.22 -1166.03 -1165.75 -1165.38 -1164.9 -1164.3 -1163.57 -1162.69 -1161.64 -1160.39 -1158.91 -1157.19 -1155.19 -1152.88 -1150.21 -1147.16 -1143.67 -1139.71 -1135.23 -1130.17 -1124.49 -1118.11 -1110.98 -1103.03 -1094.19 -1084.38 -1073.51 -1061.5 -1048.24 -1033.63 -1017.55 -999.869 -980.451 -959.135 -935.743 -910.078 -881.914 -850.99 -817.006 -779.607 -738.369 -692.776 -642.185 -585.771 -522.439 -450.663 -368.174 -271.298 -153.327 
-271.298 -493.685 -681.424 -843.415 -985.381 -1111.19 -1223.59 -1324.6 -1415.79 -1498.39 -1573.39 -1641.63 -1703.78 -1760.45 -1812.15 -1859.31 -1902.33 -1941.57 -1977.33 -2009.89 -2039.51 -2066.43 -2090.86 -2112.98 -2132.99 -2151.05 -2167.32 -2181.93 -2195.03 -2206.75 -2217.19 -2226.46 -2234.68 -2241.93 -2248.31 -2253.9 -2258.77 -2263 -2266.66 -2269.79 -2272.48 -2274.75 -2276.66 -2278.25 -2279.56 -2280.61 -2281.43 -2282.05 -2282.48 -2282.74 -2282.82 -2282.74 -2282.48 -2282.05 -2281.43 -2280.61 -2279.56 -2278.25 -2276.66 -2274.75 -2272.48 -2269.8 -2266.66 -2263 -2258.77 -2253.9 -2248.31 -2241.93 -2234.68 -2226.46 -2217.19 -2206.75 -2195.04 -2181.93 -2167.32 -2151.05 -2132.99 -2112.98 -2090.86 -2066.43 -2039.52 -2009.89 -1977.33 -1941.57 -1902.34 -1859.31 -1812.15 -1760.46 -1703.79 -1641.63 -1573.4 -1498.39 -1415.79 -1324.6 -1223.59 -1111.19 -985.382 -843.415 -681.425 -493.686 -271.298 
-368.174 -681.424 -951.83 -1188.29 -1397.27 -1583.5 -1750.52 -1901.06 -2037.27 -2160.88 -2273.3 -2375.72 -2469.13 -2554.41 -2632.28 -2703.41 -2768.37 -2827.67 -2881.78 -2931.11 -2976.05 -3016.92 -3054.06 -3087.76 -3118.27 -3145.86 -3170.74 -3193.14 -3213.26 -3231.28 -3247.38 -3261.72 -3274.45 -3285.72 -3295.66 -3304.39 -3312.03 -3318.69 -3324.46 -3329.44 -3333.71 -3337.35 -3340.42 -3342.99 -3345.1 -3346.81 -3348.16 -3349.17 -3349.88 -3350.3 -3350.44 -3350.3 -3349.88 -3349.17 -3348.16 -3346.81 -3345.1 -3342.99 -3340.42 -3337.35 -3333.72 -3329.45 -3324.47 -3318.69 -3312.03 -3304.39 -3295.66 -3285.72 -3274.45 -3261.72 -3247.38 -3231.28 -3213.26 -3193.15 -3170.74 -3145.86 -3118.28 -3087.76 -3054.07 -3016.93 -2976.05 -2931.12 -2881.78 -2827.67 -2768.37 -2703.41 -2632.28 -2554.41 -2469.14 -2375.72 -2273.3 -2160.88 -2037.27 -1901.06 -1750.52 -1583.5 -1397.27 -1188.29 -951.83 -681.425 -368.174 
-450.662 -843.415 -1188.29 -1493.48 -1765.43 -2009.21 -2228.81 -2427.4 -2607.57 -2771.43 -2920.73 -3056.96 -3181.41 -3295.15 -3399.16 -3494.27 -3581.23 -3660.71 -3733.32 -3799.59 -3860.03 -3915.08 -3965.15 -4010.64 -4051.9 -4089.24 -4122.99 -4153.41 -4180.78 -4205.34 -4227.33 -4246.95 -4264.42 -4279.92 -4293.62 -4305.69 -4316.28 -4325.54 -4333.59 -4340.56 -4346.56 -4351.68 -4356.02 -4359.67 -4362.68 -4365.12 -4367.05 -4368.51 -4369.53 -4370.13 -4370.33 -4370.13 -4369.53 -4368.51 -4367.05 -4365.13 -4362.68 -4359.67 -4356.03 -4351.68 -4346.56 -4340.56 -4333.59 -4325.54 -4316.28 -4305.69 -4293.62 -4279.92 -4264.42 -4246.96 -4227.33 -4205.35 -4180.79 -4153.42 -4122.99 -4089.25 -4051.9 -4010.65 -3965.16 -3915.08 -3860.03 -3799.6 -3733.32 -3660.72 -3581.24 -3494.27 -3399.16 -3295.16 -3181.41 -3056.97 -2920.73 -2771.43 -2607.57 -2427.41 -2228.81 -2009.22 -1765.43 -1493.48 -1188.29 -843.415 -450.663 
-522.439 -985.381 -1397.27 -1765.43 -2096 -2394.04 -2663.72 -2908.48 -3131.16 -3334.16 -3519.5 -3688.93 -3843.94 -3985.82 -4115.73 -4234.68 -4343.57 -4443.21 -4534.34 -4617.61 -4693.64 -4762.97 -4826.12 -4883.56 -4935.71 -4982.99 -5025.78 -5064.41 -5099.22 -5130.51 -5158.56 -5183.66 -5206.03 -5225.93 -5243.55 -5259.12 -5272.82 -5284.82 -5295.29 -5304.38 -5312.22 -5318.94 -5324.65 -5329.46 -5333.44 -5336.69 -5339.25 -5341.19 -5342.55 -5343.35 -5343.61 -5343.35 -5342.55 -5341.19 -5339.25 -5336.69 -5333.44 -5329.46 -5324.66 -5318.94 -5312.22 -5304.38 -5295.3 -5284.83 -5272.82 -5259.13 -5243.56 -5225.93 -5206.04 -5183.66 -5158.57 -5130.51 -5099.22 -5064.41 -5025.78 -4983 -4935.72 -4883.56 -4826.13 -4762.98 -4693.64 -4617.62 -4534.34 -4443.21 -4343.57 -4234.68 -4115.73 -3985.82 -3843.94 -3688.94 -3519.51 -3334.16 -3131.16 -2908.48 -2663.73 -2394.05 -2096 -1765.43 -1397.27 -985.382 -522.439 
-585.771 -1111.19 -1583.5 -2009.21 -2394.04 -2742.89 -3059.91 -3348.65 -3612.13 -3852.92 -4073.24 -4275.01 -4459.92 -4629.43 -4784.85 -4927.34 -5057.95 -5177.61 -5287.17 -5387.4 -5479.02 -5562.67 -5638.95 -5708.41 -5771.57 -5828.89 -5880.83 -5927.8 -5970.18 -6008.34 -6042.61 -6073.31 -6100.73 -6125.16 -6146.85 -6166.05 -6182.97 -6197.84 -6210.84 -6222.15 -6231.93 -6240.34 -6247.5 -6253.54 -6258.56 -6262.65 -6265.9 -6268.36 -6270.08 -6271.1 -6271.43 -6271.1 -6270.08 -6268.36 -6265.9 -6262.66 -6258.56 -6253.54 -6247.5 -6240.34 -6231.93 -6222.15 -6210.84 -6197.84 -6182.98 -6166.05 -6146.86 -6125.16 -6100.74 -6073.31 -6042.61 -6008.34 -5970.19 -5927.81 -5880.84 -5828.9 -5771.57 -5708.42 -5638.96 -5562.68 -5479.03 -5387.41 -5287.17 -5177.61 -5057.96 -4927.35 -4784.86 -4629.44 -4459.92 -4275.02 -4073.24 -3852.92 -3612.13 -3348.65 -3059.91 -2742.89 -2394.05 -2009.22 -1583.5 -1111.19 -585.771 
-642.184 -1223.59 -1750.52 -2228.81 -2663.72 -3059.91 -3421.44 -3751.85 -4054.24 -4331.28 -4585.32 -4818.42 -5032.4 -5228.87 -5409.27 -5574.89 -5726.88 -5866.3 -5994.11 -6111.17 -6218.29 -6316.21 -6405.6 -6487.09 -6561.28 -6628.7 -6689.86 -6745.24 -6795.28 -6840.4 -6880.97 -6917.38 -6949.96 -6979.03 -7004.88 -7027.81 -7048.06 -7065.89 -7081.5 -7095.12 -7106.92 -7117.09 -7125.76 -7133.1 -7139.21 -7144.2 -7148.16 -7151.16 -7153.27 -7154.52 -7154.93 -7154.52 -7153.27 -7151.16 -7148.16 -7144.2 -7139.21 -7133.1 -7125.77 -7117.09 -7106.93 -7095.12 -7081.51 -7065.89 -7048.07 -7027.81 -7004.89 -6979.03 -6949.97 -6917.39 -6880.98 -6840.4 -6795.29 -6745.25 -6689.87 -6628.71 -6561.29 -6487.1 -6405.61 -6316.22 -6218.3 -6111.18 -5994.12 -5866.31 -5726.89 -5574.89 -5409.28 -5228.88 -5032.41 -4818.42 -4585.32 -4331.28 -4054.24 -3751.85 -3421.44 -3059.91 -2663.73 -2228.81 -1750.52 -1223.59 -642.185 
-692.775 -1324.6 -1901.06 -2427.4 -2908.48 -3348.65 -3751.85 -4121.56 -4460.86 -4772.49 -5058.87 -5322.15 -5564.25 -5786.9 -5991.63 -6179.83 -6352.78 -6511.61 -6657.39 -6791.06 -6913.51 -7025.57 -7127.99 -7221.46 -7306.65 -7384.16 -7454.56 -7518.38 -7576.11 -7628.24 -7675.18 -7717.36 -7755.16 -7788.94 -7819.03 -7845.76 -7869.41 -7890.26 -7908.56 -7924.55 -7938.43 -7950.41 -7960.66 -7969.33 -7976.56 -7982.49 -7987.19 -7990.77 -7993.27 -7994.76 -7995.25 -7994.76 -7993.27 -7990.77 -7987.19 -7982.49 -7976.57 -7969.33 -7960.66 -7950.41 -7938.44 -7924.55 -7908.56 -7890.26 -7869.41 -7845.76 -7819.04 -7788.94 -7755.17 -7717.37 -7675.19 -7628.24 -7576.12 -7518.38 -7454.57 -7384.17 -7306.66 -7221.47 -7128 -7025.58 -6913.52 -6791.07 -6657.39 -6511.62 -6352.79 -6179.84 -5991.63 -5786.9 -5564.26 -5322.16 -5058.87 -4772.49 -4460.86 -4121.56 -3751.85 -3348.65 -2908.48 -2427.41 -1901.06 -1324.6 -692.776 
-738.368 -1415.79 -2037.27 -2607.57 -3131.16 -3612.13 -4054.24 -4460.86 -4835.05 -5179.54 -5496.79 -5789.01 -6058.18 -6306.11 -6534.42 -6744.59 -6937.97 -7115.78 -7279.16 -7429.15 -7566.71 -7692.72 -7808.01 -7913.35 -8009.45 -8096.99 -8176.59 -8248.83 -8314.26 -8373.4 -8426.73 -8474.71 -8517.77 -8556.29 -8590.67 -8621.24 -8648.33 -8672.26 -8693.29 -8711.69 -8727.7 -8741.53 -8753.38 -8763.43 -8771.82 -8778.7 -8784.17 -8788.33 -8791.25 -8792.99 -8793.56 -8792.99 -8791.25 -8788.33 -8784.17 -8778.7 -8771.83 -8763.43 -8753.39 -8741.54 -8727.71 -8711.7 -8693.3 -8672.26 -8648.34 -8621.25 -8590.67 -8556.3 -8517.77 -8474.72 -8426.74 -8373.41 -8314.27 -8248.84 -8176.6 -8097 -8009.46 -7913.36 -7808.02 -7692.73 -7566.71 -7429.16 -7279.17 -7115.79 -6937.98 -6744.6 -6534.43 -6306.12 -6058.19 -5789.01 -5496.79 -5179.54 -4835.05 -4460.86 -4054.24 -3612.13 -3131.16 -2607.58 -2037.27 -1415.79 -738.369 
-779.606 -1498.39 -2160.88 -2771.43 -3334.16 -3852.92 -4331.28 -4772.49 -5179.54 -5555.13 -5901.74 -6221.59 -6516.72 -6788.97 -7040.05 -7271.48 -7484.69 -7680.97 -7861.53 -8027.48 -8179.83 -8319.54 -8447.5 -8564.54 -8671.43 -8768.89 -8857.6 -8938.2 -9011.28 -9077.41 -9137.12 -9190.89 -9239.21 -9282.49 -9321.16 -9355.6 -9386.16 -9413.18 -9436.97 -9457.82 -9475.97 -9491.68 -9505.16 -9516.6 -9526.17 -9534.02 -9540.28 -9545.03 -9548.38 -9550.36 -9551.02 -9550.36 -9548.38 -9545.04 -9540.28 -9534.03 -9526.18 -9516.61 -9505.17 -9491.69 -9475.98 -9457.82 -9436.98 -9413.19 -9386.17 -9355.61 -9321.17 -9282.5 -9239.21 -9190.9 -9137.13 -9077.42 -9011.29 -8938.21 -8857.61 -8768.9 -8671.44 -8564.55 -8447.51 -8319.55 -8179.84 -8027.48 -7861.54 -7680.98 -7484.7 -7271.49 -7040.05 -6788.98 -6516.73 -6221.6 -5901.75 -5555.14 -5179.54 -4772.49 -4331.28 -3852.92 -3334.16 -2771.43 -2160.88 -1498.39 -779.607 
-817.005 -1573.39 -2273.3 -2920.73 -3519.5 -4073.24 -4585.32 -5058.87 -5496.79 -5901.74 -6276.17 -6622.31 -6942.22 -7237.79 -7510.75 -7762.68 -7995.07 -8209.26 -8406.51 -8587.99 -8754.78 -8907.9 -9048.27 -9176.79 -9294.28 -9401.52 -9499.22 -9588.08 -9668.73 -9741.79 -9807.82 -9867.35 -9920.9 -9968.92 -10011.9 -10050.2 -10084.2 -10114.3 -10140.9 -10164.2 -10184.5 -10202.1 -10217.2 -10230.1 -10240.8 -10249.6 -10256.7 -10262 -10265.8 -10268 -10268.8 -10268 -10265.8 -10262 -10256.7 -10249.6 -10240.8 -10230.1 -10217.2 -10202.1 -10184.5 -10164.2 -10140.9 -10114.3 -10084.2 -10050.2 -10011.9 -9968.93 -9920.9 -9867.36 -9807.83 -9741.8 -9668.74 -9588.09 -9499.23 -9401.53 -9294.29 -9176.8 -9048.28 -8907.91 -8754.79 -8588 -8406.52 -8209.27 -7995.08 -7762.69 -7510.76 -7237.8 -6942.23 -6622.32 -6276.17 -5901.75 -5496.79 -5058.87 -4585.32 -4073.25 -3519.51 -2920.73 -2273.3 -1573.4 -817.006 
-850.989 -1641.63 -2375.72 -3056.96 -3688.93 -4275.01 -4818.42 -5322.15 -5789.01 -6221.59 -6622.31 -6993.39 -7336.9 -7654.73 -7948.65 -8220.29 -8471.14 -8702.62 -8916.04 -9112.59 -9293.42 -9459.58 -9612.07 -9751.81 -9879.68 -9996.5 -10103 -10200 -10288.1 -10368 -10440.3 -10505.5 -10564.2 -10617 -10664.2 -10706.3 -10743.8 -10777 -10806.3 -10832 -10854.5 -10874 -10890.7 -10905 -10916.9 -10926.7 -10934.6 -10940.5 -10944.7 -10947.2 -10948 -10947.2 -10944.7 -10940.5 -10934.6 -10926.7 -10916.9 -10905 -10890.7 -10874 -10854.5 -10832 -10806.3 -10777 -10743.8 -10706.3 -10664.2 -10617 -10564.2 -10505.5 -10440.3 -10368 -10288.1 -10200 -10103 -9996.51 -9879.7 -9751.83 -9612.08 -9459.59 -9293.43 -9112.6 -8916.05 -8702.64 -8471.15 -8220.3 -7948.66 -7654.74 -7336.91 -6993.4 -6622.32 -6221.6 -5789.01 -5322.16 -4818.43 -4275.02 -3688.94 -3056.97 -2375.72 -1641.63 -850.99 
-881.913 -1703.78 -2469.13 -3181.41 -3843.94 -4459.92 -5032.4 -5564.25 -6058.18 -6516.72 -6942.22 -7336.9 -7702.8 -8041.83 -8355.77 -8646.26 -8914.85 -9162.98 -9391.97 -9603.09 -9797.52 -9976.34 -10140.6 -10291.3 -10429.3 -10555.4 -10670.6 -10775.6 -10871 -10957.6 -11036 -11106.8 -11170.6 -11228 -11279.4 -11325.3 -11366.2 -11402.4 -11434.5 -11462.6 -11487.2 -11508.6 -11527 -11542.6 -11555.7 -11566.5 -11575.1 -11581.7 -11586.3 -11589 -11589.9 -11589 -11586.3 -11581.7 -11575.1 -11566.5 -11555.7 -11542.6 -11527 -11508.6 -11487.2 -11462.6 -11434.5 -11402.5 -11366.2 -11325.3 -11279.4 -11228 -11170.6 -11106.8 -11036 -10957.6 -10871 -10775.6 -10670.6 -10555.5 -10429.3 -10291.3 -10140.6 -9976.36 -9797.53 -9603.11 -9391.98 -9162.99 -8914.87 -8646.28 -8355.78 -8041.84 -7702.81 -7336.91 -6942.23 -6516.73 -6058.19 -5564.26 -5032.41 -4459.93 -3843.94 -3181.41 -2469.14 -1703.79 -881.914 
-910.078 -1760.45 -2554.41 -3295.15 -3985.82 -4629.43 -5228.87 -5786.9 -6306.11 -6788.97 -7237.79 -7654.73 -8041.83 -8400.99 -8733.99 -9042.48 -9328.04 -9592.13 -9836.1 -10061.3 -10268.8 -10459.9 -10635.5 -10796.8 -10944.6 -11079.9 -11203.5 -11316.2 -11418.7 -11511.9 -11596.3 -11672.6 -11741.4 -11803.3 -11858.9 -11908.5 -11952.7 -11992 -12026.7 -12057.2 -12083.9 -12107.1 -12127.1 -12144.1 -12158.4 -12170.1 -12179.5 -12186.7 -12191.7 -12194.7 -12195.7 -12194.7 -12191.7 -12186.7 -12179.5 -12170.1 -12158.4 -12144.1 -12127.1 -12107.1 -12083.9 -12057.2 -12026.7 -11992 -11952.7 -11908.5 -11858.9 -11803.3 -11741.4 -11672.6 -11596.3 -11511.9 -11418.8 -11316.2 -11203.5 -11079.9 -10944.6 -10796.8 -10635.5 -10459.9 -10268.8 -10061.3 -9836.12 -9592.14 -9328.06 -9042.5 -8734 -8401 -8041.84 -7654.74 -7237.8 -6788.98 -6306.12 -5786.91 -5228.88 -4629.44 -3985.83 -3295.16 -2554.41 -1760.46 -910.079 
-935.742 -1812.15 -2632.28 -3399.16 -4115.73 -4784.85 -5409.27 -5991.63 -6534.42 -7040.05 -7510.75 -7948.65 -8355.77 -8733.99 -9085.08 -9410.71 -9712.46 -9991.8 -10250.1 -10488.8 -10708.9 -10911.8 -11098.5 -11270 -11427.3 -11571.4 -11703.2 -11823.4 -11932.9 -12032.4 -12122.7 -12204.3 -12278 -12344.4 -12403.9 -12457.2 -12504.7 -12546.8 -12584.2 -12617 -12645.8 -12670.8 -12692.3 -12710.7 -12726.1 -12738.8 -12748.9 -12756.6 -12762.1 -12765.3 -12766.4 -12765.3 -12762.1 -12756.6 -12748.9 -12738.8 -12726.1 -12710.7 -12692.3 -12670.8 -12645.8 -12617 -12584.2 -12546.9 -12504.7 -12457.2 -12403.9 -12344.4 -12278 -12204.3 -12122.7 -12032.4 -11932.9 -11823.4 -11703.2 -11571.4 -11427.3 -11270 -11098.5 -10911.8 -10708.9 -10488.8 -10250.1 -9991.82 -9712.47 -9410.72 -9085.09 -8734 -8355.78 -7948.66 -7510.76 -7040.06 -6534.43 -5991.64 -5409.28 -4784.86 -4115.74 -3399.16 -2632.28 -1812.15 -935.744 
-959.134 -1859.31 -2703.41 -3494.27 -4234.68 -4927.34 -5574.89 -6179.83 -6744.59 -7271.48 -7762.68 -8220.29 -8646.26 -9042.48 -9410.71 -9752.61 -10069.8 -10363.7 -10635.7 -10887.2 -11119.5 -11333.7 -11530.9 -11712.3 -11878.8 -12031.4 -12171.1 -12298.6 -12414.8 -12520.5 -12616.4 -12703.3 -12781.7 -12852.4 -12915.8 -12972.6 -13023.3 -13068.3 -13108.2 -13143.3 -13174.1 -13200.8 -13223.8 -13243.5 -13260 -13273.6 -13284.5 -13292.8 -13298.6 -13302.1 -13303.2 -13302.1 -13298.6 -13292.8 -13284.5 -13273.6 -13260 -13243.5 -13223.9 -13200.8 -13174.1 -13143.3 -13108.2 -13068.3 -13023.3 -12972.6 -12915.8 -12852.4 -12781.7 -12703.3 -12616.5 -12520.5 -12414.8 -12298.6 -12171.1 -12031.5 -11878.8 -11712.3 -11530.9 -11333.7 -11119.5 -10887.2 -10635.7 -10363.7 -10069.8 -9752.63 -9410.72 -9042.5 -8646.28 -8220.3 -7762.69 -7271.49 -6744.6 -6179.84 -5574.9 -4927.35 -4234.68 -3494.27 -2703.41 -1859.31 -959.135 
-980.45 -1902.33 -2768.37 -3581.23 -4343.57 -5057.95 -5726.88 -6352.78 -6937.97 -7484.69 -7995.07 -8471.14 -8914.85 -9328.04 -9712.46 -10069.8 -10401.5 -10709.3 -10994.4 -11258.2 -11502 -11727.1 -11934.5 -12125.3 -12300.6 -12461.4 -12608.7 -12743.2 -12865.9 -12977.6 -13079 -13170.8 -13253.8 -13328.6 -13395.9 -13456.1 -13509.8 -13557.6 -13600 -13637.3 -13669.9 -13698.4 -13722.9 -13743.8 -13761.4 -13775.9 -13787.4 -13796.3 -13802.5 -13806.2 -13807.4 -13806.2 -13802.5 -13796.3 -13787.4 -13775.9 -13761.4 -13743.8 -13722.9 -13698.4 -13669.9 -13637.3 -13600 -13557.6 -13509.8 -13456.1 -13395.9 -13328.7 -13253.9 -13170.9 -13079 -12977.6 -12865.9 -12743.2 -12608.7 -12461.5 -12300.6 -12125.3 -11934.5 -11727.1 -11502 -11258.2 -10994.4 -10709.3 -10401.6 -10069.8 -9712.47 -9328.06 -8914.87 -8471.15 -7995.08 -7484.7 -6937.98 -6352.79 -5726.89 -5057.96 -4343.57 -3581.24 -2768.37 -1902.34 -980.451 
-999.868 -1941.57 -2827.67 -3660.71 -4443.21 -5177.61 -5866.3 -6511.61 -7115.78 -7680.97 -8209.26 -8702.62 -9162.98 -9592.13 -9991.8 -10363.7 -10709.3 -11030.1 -11327.6 -11603.2 -11858 -12093.4 -12310.5 -12510.4 -12694.2 -12862.8 -13017.4 -13158.6 -13287.6 -13405 -13511.6 -13608.3 -13695.7 -13774.5 -13845.4 -13908.9 -13965.6 -14016 -14060.7 -14100.1 -14134.6 -14164.7 -14190.6 -14212.7 -14231.3 -14246.6 -14258.9 -14268.2 -14274.8 -14278.7 -14280 -14278.7 -14274.8 -14268.2 -14258.9 -14246.6 -14231.3 -14212.7 -14190.6 -14164.7 -14134.6 -14100.1 -14060.7 -14016 -13965.6 -13908.9 -13845.4 -13774.5 -13695.7 -13608.3 -13511.6 -13405 -13287.6 -13158.7 -13017.4 -12862.9 -12694.2 -12510.4 -12310.5 -12093.4 -11858 -11603.2 -11327.6 -11030.1 -10709.3 -10363.7 -9991.82 -9592.14 -9162.99 -8702.64 -8209.27 -7680.98 -7115.79 -6511.62 -5866.31 -5177.62 -4443.22 -3660.72 -2827.67 -1941.57 -999.87 
-1017.55 -1977.33 -2881.78 -3733.32 -4534.34 -5287.17 -5994.11 -6657.39 -7279.16 -7861.53 -8406.51 -8916.04 -9391.97 -9836.1 -10250.1 -10635.7 -10994.4 -11327.6 -11636.9 -11923.6 -12188.9 -12434.1 -12660.4 -12869 -13060.8 -13237 -13398.5 -13546.2 -13681.1 -13804 -13915.7 -14017 -14108.6 -14191.2 -14265.5 -14332.2 -14391.7 -14444.7 -14491.6 -14533 -14569.3 -14600.9 -14628.2 -14651.4 -14671 -14687.1 -14700 -14709.8 -14716.7 -14720.8 -14722.2 -14720.8 -14716.7 -14709.8 -14700 -14687.1 -14671 -14651.4 -14628.2 -14600.9 -14569.3 -14533 -14491.6 -14444.7 -14391.7 -14332.2 -14265.6 -14191.2 -14108.6 -14017 -13915.7 -13804 -13681.1 -13546.2 -13398.5 -13237 -13060.8 -12869 -12660.4 -12434.1 -12188.9 -11923.6 -11636.9 -11327.7 -10994.4 -10635.7 -10250.2 -9836.12 -9391.99 -8916.05 -8406.52 -7861.54 -7279.17 -6657.4 -5994.12 -5287.18 -4534.34 -3733.33 -2881.78 -1977.33 -1017.55 
-1033.63 -2009.89 -2931.11 -3799.59 -4617.61 -5387.4 -6111.17 -6791.06 -7429.15 -8027.48 -8587.99 -9112.59 -9603.09 -10061.3 -10488.8 -10887.2 -11258.2 -11603.2 -11923.6 -12220.7 -12495.9 -12750.5 -12985.6 -13202.4 -13401.9 -13585.2 -13753.3 -13907.2 -14047.8 -14175.9 -14292.4 -14398.1 -14493.7 -14580 -14657.6 -14727.3 -14789.5 -14844.9 -14893.9 -14937.2 -14975.2 -15008.2 -15036.7 -15061.1 -15081.5 -15098.4 -15111.9 -15122.2 -15129.4 -15133.7 -15135.1 -15133.7 -15129.4 -15122.2 -15111.9 -15098.4 -15081.5 -15061.1 -15036.7 -15008.2 -14975.2 -14937.2 -14893.9 -14844.9 -14789.5 -14727.3 -14657.7 -14580 -14493.7 -14398.1 -14292.4 -14175.9 -14047.8 -13907.2 -13753.3 -13585.2 -13401.9 -13202.4 -12985.6 -12750.5 -12496 -12220.7 -11923.6 -11603.2 -11258.2 -10887.2 -10488.8 -10061.3 -9603.11 -9112.6 -8588 -8027.49 -7429.16 -6791.07 -6111.18 -5387.41 -4617.62 -3799.6 -2931.12 -2009.89 -1033.63 
-1048.24 -2039.51 -2976.05 -3860.03 -4693.64 -5479.02 -6218.29 -6913.51 -7566.71 -8179.83 -8754.78 -9293.42 -9797.52 -10268.8 -10708.9 -11119.5 -11502 -11858 -12188.9 -12495.9 -12780.6 -13044 -13287.4 -13511.9 -13718.7 -13908.8 -14083.2 -14242.9 -14388.9 -14522 -14643.1 -14752.9 -14852.4 -14942.1 -15022.9 -15095.3 -15160.1 -15217.7 -15268.8 -15313.9 -15353.4 -15387.8 -15417.5 -15442.8 -15464.1 -15481.7 -15495.7 -15506.4 -15514 -15518.5 -15519.9 -15518.5 -15514 -15506.4 -15495.7 -15481.7 -15464.1 -15442.8 -15417.5 -15387.8 -15353.4 -15313.9 -15268.8 -15217.7 -15160.1 -15095.3 -15022.9 -14942.1 -14852.4 -14752.9 -14643.1 -14522 -14388.9 -14242.9 -14083.2 -13908.8 -13718.7 -13511.9 -13287.4 -13044 -12780.6 -12496 -12188.9 -11858 -11502 -11119.5 -10708.9 -10268.8 -9797.53 -9293.43 -8754.8 -8179.84 -7566.72 -6913.53 -6218.3 -5479.03 -4693.64 -3860.03 -2976.05 -2039.52 -1048.24 
-1061.49 -2066.43 -3016.92 -3915.08 -4762.97 -5562.67 -6316.21 -7025.57 -7692.72 -8319.54 -8907.9 -9459.58 -9976.34 -10459.9 -10911.8 -11333.7 -11727.1 -12093.4 -12434.1 -12750.5 -13044 -13315.7 -13566.9 -13798.8 -14012.5 -14209 -14389.4 -14554.6 -14705.7 -14843.5 -14968.9 -15082.7 -15185.7 -15278.7 -15362.4 -15437.5 -15504.6 -15564.4 -15617.4 -15664.1 -15705.1 -15740.8 -15771.5 -15797.8 -15819.9 -15838.1 -15852.6 -15863.7 -15871.5 -15876.2 -15877.7 -15876.2 -15871.5 -15863.7 -15852.6 -15838.1 -15819.9 -15797.8 -15771.5 -15740.8 -15705.1 -15664.1 -15617.4 -15564.4 -15504.7 -15437.5 -15362.4 -15278.7 -15185.7 -15082.7 -14968.9 -14843.5 -14705.7 -14554.6 -14389.4 -14209 -14012.5 -13798.8 -13567 -13315.7 -13044 -12750.5 -12434.1 -12093.4 -11727.1 -11333.7 -10911.8 -10459.9 -9976.36 -9459.6 -8907.91 -8319.55 -7692.73 -7025.59 -6316.22 -5562.68 -4762.98 -3915.08 -3016.93 -2066.43 -1061.5 
-1073.51 -2090.86 -3054.06 -3965.15 -4826.12 -5638.95 -6405.6 -7127.99 -7808.01 -8447.5 -9048.27 -9612.07 -10140.6 -10635.5 -11098.5 -11530.9 -11934.5 -12310.5 -12660.4 -12985.6 -13287.4 -13566.9 -13825.5 -14064.4 -14284.5 -14487 -14673 -14843.5 -14999.4 -15141.6 -15271 -15388.5 -15494.9 -15591 -15677.5 -15755 -15824.4 -15886.1 -15940.8 -15989.1 -16031.4 -16068.2 -16100 -16127.1 -16149.9 -16168.7 -16183.7 -16195.1 -16203.2 -16208 -16209.6 -16208 -16203.2 -16195.1 -16183.7 -16168.7 -16149.9 -16127.1 -16100 -16068.3 -16031.4 -15989.1 -15940.9 -15886.1 -15824.4 -15755 -15677.5 -15591 -15494.9 -15388.5 -15271 -15141.6 -14999.4 -14843.5 -14673.1 -14487.1 -14284.5 -14064.4 -13825.6 -13567 -13287.4 -12985.6 -12660.4 -12310.5 -11934.5 -11530.9 -11098.5 -10635.6 -10140.6 -9612.09 -9048.29 -8447.52 -7808.02 -7128 -6405.61 -5638.96 -4826.13 -3965.16 -3054.07 -2090.86 -1073.51 
-1084.38 -2112.98 -3087.76 -4010.64 -4883.56 -5708.41 -6487.09 -7221.46 -7913.35 -8564.54 -9176.79 -9751.81 -10291.3 -10796.8 -11270 -11712.3 -12125.3 -12510.4 -12869 -13202.4 -13511.9 -13798.8 -14064.4 -14309.7 -14535.9 -14744.1 -14935.4 -15110.7 -15271.1 -15417.4 -15550.7 -15671.6 -15781.2 -15880.1 -15969.1 -16049 -16120.4 -16184 -16240.3 -16290 -16333.5 -16371.4 -16404 -16431.9 -16455.3 -16474.6 -16490 -16501.8 -16510 -16515 -16516.6 -16515 -16510 -16501.8 -16490 -16474.6 -16455.3 -16431.9 -16404.1 -16371.4 -16333.5 -16290 -16240.3 -16184 -16120.4 -16049 -15969.2 -15880.1 -15781.2 -15671.7 -15550.7 -15417.5 -15271.1 -15110.7 -14935.4 -14744.1 -14535.9 -14309.7 -14064.4 -13798.8 -13511.9 -13202.4 -12869 -12510.4 -12125.3 -11712.3 -11270 -10796.8 -10291.3 -9751.83 -9176.81 -8564.56 -7913.36 -7221.48 -6487.11 -5708.42 -4883.56 -4010.65 -3087.76 -2112.99 -1084.38 
-1094.19 -2132.99 -3118.27 -4051.9 -4935.71 -5771.57 -6561.28 -7306.65 -8009.45 -8671.43 -9294.28 -9879.68 -10429.3 -10944.6 -11427.3 -11878.8 -12300.6 -12694.2 -13060.8 -13401.9 -13718.7 -14012.5 -14284.5 -14535.9 -14767.8 -14981.3 -15177.5 -15357.4 -15522 -15672.2 -15809 -15933.2 -16045.7 -16147.2 -16238.6 -16320.6 -16393.9 -16459.1 -16516.9 -16567.8 -16612.4 -16651.3 -16684.7 -16713.3 -16737.2 -16757 -16772.7 -16784.7 -16793.2 -16798.2 -16799.9 -16798.2 -16793.2 -16784.7 -16772.7 -16757 -16737.2 -16713.3 -16684.7 -16651.3 -16612.5 -16567.8 -16516.9 -16459.1 -16393.9 -16320.6 -16238.6 -16147.2 -16045.7 -15933.2 -15809 -15672.2 -15522 -15357.4 -15177.5 -14981.3 -14767.8 -14535.9 -14284.5 -14012.5 -13718.7 -13401.9 -13060.8 -12694.2 -12300.7 -11878.8 -11427.3 -10944.6 -10429.3 -9879.7 -9294.3 -8671.44 -8009.47 -7306.67 -6561.29 -5771.58 -4935.72 -4051.9 -3118.28 -2132.99 -1094.19 
-1103.03 -2151.05 -3145.86 -4089.24 -4982.99 -5828.89 -6628.7 -7384.16 -8096.99 -8768.89 -9401.52 -9996.5 -10555.4 -11079.9 -11571.4 -12031.4 -12461.4 -12862.8 -13237 -13585.2 -13908.8 -14209 -14487 -14744.1 -14981.3 -15199.8 -15400.6 -15584.7 -15753.2 -15907 -16047.1 -16174.3 -16289.4 -16393.4 -16487 -16570.9 -16645.9 -16712.6 -16771.7 -16823.7 -16869.3 -16909 -16943.1 -16972.3 -16996.7 -17016.8 -17032.9 -17045.1 -17053.7 -17058.8 -17060.5 -17058.8 -17053.7 -17045.1 -17032.9 -17016.8 -16996.7 -16972.3 -16943.2 -16909 -16869.4 -16823.8 -16771.7 -16712.6 -16645.9 -16570.9 -16487 -16393.4 -16289.4 -16174.3 -16047.1 -15907.1 -15753.2 -15584.7 -15400.6 -15199.8 -14981.3 -14744.1 -14487.1 -14209 -13908.8 -13585.2 -13237 -12862.9 -12461.5 -12031.5 -11571.4 -11079.9 -10555.5 -9996.52 -9401.53 -8768.91 -8097.01 -7384.17 -6628.71 -5828.9 -4983 -4089.25 -3145.86 -2151.05 -1103.03 
-1110.98 -2167.32 -3170.74 -4122.99 -5025.78 -5880.83 -6689.86 -7454.56 -8176.59 -8857.6 -9499.22 -10103 -10670.6 -11203.5 -11703.2 -12171.1 -12608.7 -13017.4 -13398.5 -13753.3 -14083.2 -14389.4 -14673 -14935.4 -15177.5 -15400.6 -15605.6 -15793.7 -15965.8 -16123 -16266 -16395.9 -16513.6 -16619.8 -16715.3 -16801 -16877.5 -16945.5 -17005.8 -17058.8 -17105.3 -17145.6 -17180.4 -17210 -17234.8 -17255.2 -17271.5 -17283.9 -17292.6 -17297.8 -17299.5 -17297.8 -17292.6 -17283.9 -17271.5 -17255.2 -17234.8 -17210 -17180.4 -17145.6 -17105.3 -17058.8 -17005.8 -16945.5 -16877.5 -16801 -16715.3 -16619.8 -16513.6 -16396 -16266 -16123 -15965.9 -15793.7 -15605.6 -15400.6 -15177.5 -14935.4 -14673.1 -14389.4 -14083.2 -13753.3 -13398.5 -13017.4 -12608.7 -12171.1 -11703.2 -11203.5 -10670.6 -10103.1 -9499.24 -8857.62 -8176.6 -7454.57 -6689.88 -5880.84 -5025.79 -4122.99 -3170.75 -2167.32 -1110.98 
-1118.11 -2181.93 -3193.14 -4153.41 -5064.41 -5927.8 -6745.24 -7518.38 -8248.83 -8938.2 -9588.08 -10200 -10775.6 -11316.2 -11823.4 -12298.6 -12743.2 -13158.6 -13546.2 -13907.2 -14242.9 -14554.6 -14843.5 -15110.7 -15357.4 -15584.7 -15793.7 -15985.4 -16160.9 -16321.1 -16466.9 -16599.3 -16719.2 -16827.4 -16924.7 -17011.9 -17089.8 -17159 -17220.2 -17274.1 -17321.3 -17362.2 -17397.4 -17427.4 -17452.6 -17473.2 -17489.7 -17502.2 -17511 -17516.3 -17518 -17516.3 -17511 -17502.2 -17489.7 -17473.2 -17452.6 -17427.4 -17397.5 -17362.2 -17321.3 -17274.1 -17220.3 -17159 -17089.8 -17011.9 -16924.7 -16827.4 -16719.2 -16599.3 -16466.9 -16321.1 -16160.9 -15985.5 -15793.7 -15584.7 -15357.4 -15110.7 -14843.5 -14554.6 -14243 -13907.2 -13546.2 -13158.7 -12743.2 -12298.6 -11823.4 -11316.2 -10775.6 -10200 -9588.1 -8938.22 -8248.84 -7518.39 -6745.26 -5927.81 -5064.42 -4153.42 -3193.15 -2181.94 -1118.11 
-1124.49 -2195.03 -3213.26 -4180.78 -5099.22 -5970.18 -6795.28 -7576.11 -8314.26 -9011.28 -9668.73 -10288.1 -10871 -11418.7 -11932.9 -12414.8 -12865.9 -13287.6 -13681.1 -14047.8 -14388.9 -14705.7 -14999.4 -15271.1 -15522 -15753.2 -15965.8 -16160.9 -16339.4 -16502.3 -16650.7 -16785.4 -16907.3 -17017.3 -17116.1 -17204.7 -17283.8 -17354 -17416.1 -17470.7 -17518.4 -17559.8 -17595.4 -17625.7 -17651 -17671.9 -17688.4 -17701.1 -17709.9 -17715.2 -17716.9 -17715.2 -17709.9 -17701.1 -17688.4 -17671.9 -17651.1 -17625.7 -17595.4 -17559.8 -17518.4 -17470.7 -17416.1 -17354 -17283.8 -17204.7 -17116.2 -17017.3 -16907.3 -16785.4 -16650.7 -16502.4 -16339.4 -16160.9 -15965.9 -15753.2 -15522 -15271.1 -14999.4 -14705.7 -14388.9 -14047.8 -13681.1 -13287.6 -12865.9 -12414.8 -11932.9 -11418.8 -10871 -10288.2 -9668.75 -9011.3 -8314.27 -7576.13 -6795.29 -5970.19 -5099.23 -4180.79 -3213.27 -2195.04 -1124.49 
-1130.17 -2206.75 -3231.28 -4205.34 -5130.51 -6008.34 -6840.4 -7628.24 -8373.4 -9077.41 -9741.79 -10368 -10957.6 -11511.9 -12032.4 -12520.5 -12977.6 -13405 -13804 -14175.9 -14522 -14843.5 -15141.6 -15417.4 -15672.2 -15907 -16123 -16321.1 -16502.3 -16667.8 -16818.4 -16955.2 -17078.9 -17190.4 -17290.7 -17380.5 -17460.5 -17531.6 -17594.4 -17649.6 -17697.7 -17739.5 -17775.3 -17805.8 -17831.3 -17852.2 -17868.8 -17881.5 -17890.3 -17895.6 -17897.4 -17895.6 -17890.3 -17881.5 -17868.8 -17852.2 -17831.3 -17805.8 -17775.3 -17739.5 -17697.7 -17649.6 -17594.4 -17531.6 -17460.5 -17380.5 -17290.7 -17190.4 -17078.9 -16955.2 -16818.5 -16667.8 -16502.4 -16321.1 -16123 -15907.1 -15672.2 -15417.5 -15141.6 -14843.5 -14522 -14175.9 -13804 -13405 -12977.6 -12520.5 -12032.4 -11511.9 -10957.6 -10368 -9741.81 -9077.43 -8373.42 -7628.25 -6840.41 -6008.35 -5130.52 -4205.35 -3231.29 -2206.75 -1130.18 
-1135.23 -2217.19 -3247.38 -4227.33 -5158.56 -6042.61 -6880.97 -7675.18 -8426.73 -9137.12 -9807.82 -10440.3 -11036 -11596.3 -12122.7 -12616.4 -13079 -13511.6 -13915.7 -14292.4 -14643.1 -14968.9 -15271 -15550.7 -15809 -16047.1 -16266 -16466.9 -16650.7 -16818.4 -16971.1 -17109.6 -17234.9 -17347.9 -17449.3 -17540.1 -17621 -17692.8 -17756.1 -17811.7 -17860.2 -17902.2 -17938.2 -17968.7 -17994.2 -18015.2 -18031.8 -18044.4 -18053.3 -18058.5 -18060.3 -18058.5 -18053.3 -18044.4 -18031.8 -18015.2 -17994.3 -17968.7 -17938.2 -17902.2 -17860.2 -17811.7 -17756.1 -17692.8 -17621 -17540.1 -17449.4 -17347.9 -17234.9 -17109.7 -16971.1 -16818.5 -16650.7 -16466.9 -16266.1 -16047.1 -15809 -15550.7 -15271 -14968.9 -14643.1 -14292.4 -13915.7 -13511.7 -13079 -12616.5 -12122.7 -11596.3 -11036 -10440.3 -9807.84 -9137.14 -8426.75 -7675.2 -6880.99 -6042.62 -5158.58 -4227.34 -3247.38 -2217.19 -1135.23 
-1139.71 -2226.46 -3261.72 -4246.95 -5183.66 -6073.31 -6917.38 -7717.36 -8474.71 -9190.89 -9867.35 -10505.5 -11106.8 -11672.6 -12204.3 -12703.3 -13170.8 -13608.3 -14017 -14398.1 -14752.9 -15082.7 -15388.5 -15671.6 -15933.2 -16174.3 -16395.9 -16599.3 -16785.4 -16955.2 -17109.6 -17249.7 -17376.4 -17490.6 -17593 -17684.7 -17766.2 -17838.5 -17902.3 -17958.2 -18006.8 -18048.9 -18085 -18115.5 -18141 -18161.8 -18178.4 -18190.9 -18199.7 -18205 -18206.7 -18205 -18199.7 -18190.9 -18178.4 -18161.8 -18141 -18115.5 -18085 -18048.9 -18006.8 -17958.2 -17902.3 -17838.6 -17766.3 -17684.7 -17593.1 -17490.6 -17376.5 -17249.8 -17109.7 -16955.2 -16785.4 -16599.3 -16396 -16174.3 -15933.2 -15671.7 -15388.5 -15082.7 -14752.9 -14398.1 -14017 -13608.3 -13170.9 -12703.3 -12204.3 -11672.6 -11106.8 -10505.5 -9867.37 -9190.91 -8474.73 -7717.38 -6917.4 -6073.32 -5183.67 -4246.96 -3261.72 -2226.47 -1139.72 
-1143.67 -2234.68 -3274.45 -4264.42 -5206.03 -6100.73 -6949.96 -7755.16 -8517.77 -9239.21 -9920.9 -10564.2 -11170.6 -11741.4 -12278 -12781.7 -13253.8 -13695.7 -14108.6 -14493.7 -14852.4 -15185.7 -15494.9 -15781.2 -16045.7 -16289.4 -16513.6 -16719.2 -16907.3 -17078.9 -17234.9 -17376.4 -17504.3 -17619.5 -17722.8 -17815.1 -17897.1 -17969.8 -18033.8 -18089.9 -18138.6 -18180.7 -18216.6 -18247.1 -18272.4 -18293.1 -18309.5 -18322 -18330.7 -18335.8 -18337.5 -18335.8 -18330.7 -18322 -18309.5 -18293.1 -18272.4 -18247.1 -18216.6 -18180.7 -18138.6 -18089.9 -18033.8 -17969.8 -17897.2 -17815.1 -17722.8 -17619.5 -17504.3 -17376.5 -17235 -17078.9 -16907.3 -16719.2 -16513.6 -16289.5 -16045.7 -15781.2 -15494.9 -15185.7 -14852.4 -14493.7 -14108.6 -13695.7 -13253.9 -12781.7 -12278 -11741.5 -11170.6 -10564.3 -9920.92 -9239.23 -8517.78 -7755.18 -6949.97 -6100.74 -5206.04 -4264.43 -3274.46 -2234.68 -1143.68 
-1147.16 -2241.93 -3285.72 -4279.92 -5225.93 -6125.16 -6979.03 -7788.94 -8556.29 -9282.49 -9968.92 -10617 -11228 -11803.3 -12344.4 -12852.4 -13328.6 -13774.5 -14191.2 -14580 -14942.1 -15278.7 -15591 -15880.1 -16147.2 -16393.4 -16619.8 -16827.4 -17017.3 -17190.4 -17347.9 -17490.6 -17619.5 -17735.4 -17839.4 -17932.2 -18014.7 -18087.6 -18151.7 -18207.8 -18256.4 -18298.4 -18334.2 -18364.4 -18389.5 -18410 -18426.2 -18438.5 -18447.1 -18452.1 -18453.8 -18452.1 -18447.1 -18438.5 -18426.2 -18410 -18389.5 -18364.4 -18334.2 -18298.4 -18256.4 -18207.8 -18151.7 -18087.6 -18014.7 -17932.2 -17839.4 -17735.5 -17619.5 -17490.6 -17347.9 -17190.4 -17017.3 -16827.4 -16619.8 -16393.4 -16147.2 -15880.1 -15591 -15278.7 -14942.1 -14580 -14191.2 -13774.5 -13328.7 -12852.4 -12344.4 -11803.4 -11228 -10617 -9968.94 -9282.51 -8556.31 -7788.95 -6979.04 -6125.17 -5225.94 -4279.92 -3285.73 -2241.94 -1147.16 
-1150.21 -2248.31 -3295.66 -4293.62 -5243.55 -6146.85 -7004.88 -7819.03 -8590.67 -9321.16 -10011.9 -10664.2 -11279.4 -11858.9 -12403.9 -12915.8 -13395.9 -13845.4 -14265.5 -14657.6 -15022.9 -15362.4 -15677.5 -15969.1 -16238.6 -16487 -16715.3 -16924.7 -17116.1 -17290.7 -17449.3 -17593 -17722.8 -17839.4 -17943.9 -18037 -18119.7 -18192.7 -18256.8 -18312.8 -18361.3 -18403 -18438.5 -18468.4 -18493.3 -18513.4 -18529.4 -18541.4 -18549.9 -18554.8 -18556.5 -18554.8 -18549.9 -18541.4 -18529.4 -18513.4 -18493.3 -18468.4 -18438.5 -18403 -18361.3 -18312.8 -18256.9 -18192.7 -18119.7 -18037.1 -17943.9 -17839.4 -17722.8 -17593.1 -17449.4 -17290.7 -17116.2 -16924.7 -16715.3 -16487 -16238.6 -15969.2 -15677.5 -15362.4 -15022.9 -14657.7 -14265.6 -13845.4 -13395.9 -12915.8 -12403.9 -11858.9 -11279.4 -10664.2 -10011.9 -9321.18 -8590.69 -7819.05 -7004.9 -6146.86 -5243.57 -4293.62 -3295.67 -2248.32 -1150.21 
-1152.87 -2253.9 -3304.39 -4305.69 -5259.12 -6166.05 -7027.81 -7845.76 -8621.24 -9355.6 -10050.2 -10706.3 -11325.3 -11908.5 -12457.2 -12972.6 -13456.1 -13908.9 -14332.2 -14727.3 -15095.3 -15437.5 -15755 -16049 -16320.6 -16570.9 -16801 -17011.9 -17204.7 -17380.5 -17540.1 -17684.7 -17815.1 -17932.2 -18037 -18130.4 -18213.2 -18286.2 -18350.1 -18405.9 -18454.1 -18495.4 -18530.6 -18560.1 -18584.5 -18604.4 -18620 -18631.7 -18640 -18644.8 -18646.4 -18644.8 -18640 -18631.8 -18620 -18604.4 -18584.5 -18560.1 -18530.6 -18495.5 -18454.1 -18405.9 -18350.2 -18286.2 -18213.2 -18130.4 -18037.1 -17932.2 -17815.1 -17684.7 -17540.1 -17380.5 -17204.8 -17011.9 -16801 -16570.9 -16320.6 -16049.1 -15755.1 -15437.5 -15095.3 -14727.3 -14332.2 -13908.9 -13456.1 -12972.6 -12457.2 -11908.5 -11325.3 -10706.3 -10050.2 -9355.62 -8621.26 -7845.77 -7027.82 -6166.06 -5259.13 -4305.7 -3304.4 -2253.9 -1152.88 
-1155.19 -2258.77 -3312.03 -4316.28 -5272.82 -6182.97 -7048.06 -7869.41 -8648.33 -9386.16 -10084.2 -10743.8 -11366.2 -11952.7 -12504.7 -13023.3 -13509.8 -13965.6 -14391.7 -14789.5 -15160.1 -15504.6 -15824.4 -16120.4 -16393.9 -16645.9 -16877.5 -17089.8 -17283.8 -17460.5 -17621 -17766.2 -17897.1 -18014.7 -18119.7 -18213.2 -18295.9 -18368.7 -18432.5 -18487.9 -18535.7 -18576.6 -18611.3 -18640.3 -18664.3 -18683.7 -18698.9 -18710.3 -18718.3 -18723 -18724.5 -18723 -18718.3 -18710.3 -18698.9 -18683.7 -18664.3 -18640.3 -18611.3 -18576.6 -18535.7 -18487.9 -18432.5 -18368.8 -18295.9 -18213.2 -18119.7 -18014.7 -17897.2 -17766.3 -17621 -17460.6 -17283.8 -17089.8 -16877.5 -16645.9 -16393.9 -16120.4 -15824.4 -15504.7 -15160.1 -14789.5 -14391.7 -13965.6 -13509.9 -13023.3 -12504.7 -11952.7 -11366.2 -10743.8 -10084.2 -9386.18 -8648.35 -7869.43 -7048.08 -6182.99 -5272.83 -4316.29 -3312.04 -2258.78 -1155.19 
-1157.19 -2263 -3318.69 -4325.54 -5284.82 -6197.84 -7065.89 -7890.26 -8672.26 -9413.18 -10114.3 -10777 -11402.4 -11992 -12546.8 -13068.3 -13557.6 -14016 -14444.7 -14844.9 -15217.7 -15564.4 -15886.1 -16184 -16459.1 -16712.6 -16945.5 -17159 -17354 -17531.6 -17692.8 -17838.5 -17969.8 -18087.6 -18192.7 -18286.2 -18368.7 -18441.3 -18504.7 -18559.7 -18607 -18647.4 -18681.5 -18710 -18733.4 -18752.2 -18767 -18778.1 -18785.8 -18790.3 -18791.8 -18790.3 -18785.8 -18778.1 -18767 -18752.2 -18733.4 -18710 -18681.5 -18647.4 -18607 -18559.7 -18504.7 -18441.3 -18368.8 -18286.2 -18192.7 -18087.6 -17969.8 -17838.6 -17692.8 -17531.6 -17354 -17159 -16945.6 -16712.6 -16459.1 -16184 -15886.1 -15564.4 -15217.7 -14844.9 -14444.7 -14016 -13557.7 -13068.3 -12546.9 -11992 -11402.5 -10777 -10114.4 -9413.2 -8672.28 -7890.28 -7065.9 -6197.85 -5284.83 -4325.55 -3318.7 -2263.01 -1157.19 
-1158.91 -2266.66 -3324.46 -4333.59 -5295.29 -6210.84 -7081.5 -7908.56 -8693.29 -9436.97 -10140.9 -10806.3 -11434.5 -12026.7 -12584.2 -13108.2 -13600 -14060.7 -14491.6 -14893.9 -15268.8 -15617.4 -15940.8 -16240.3 -16516.9 -16771.7 -17005.8 -17220.2 -17416.1 -17594.4 -17756.1 -17902.3 -18033.8 -18151.7 -18256.8 -18350.1 -18432.5 -18504.7 -18567.7 -18622.1 -18668.9 -18708.6 -18742.1 -18769.9 -18792.7 -18811 -18825.2 -18835.9 -18843.3 -18847.6 -18849 -18847.6 -18843.3 -18835.9 -18825.3 -18811 -18792.7 -18769.9 -18742.1 -18708.6 -18668.9 -18622.1 -18567.7 -18504.7 -18432.5 -18350.2 -18256.9 -18151.7 -18033.8 -17902.3 -17756.1 -17594.4 -17416.1 -17220.3 -17005.8 -16771.7 -16516.9 -16240.3 -15940.9 -15617.4 -15268.8 -14894 -14491.7 -14060.7 -13600 -13108.2 -12584.2 -12026.7 -11434.5 -10806.3 -10140.9 -9436.99 -8693.31 -7908.58 -7081.52 -6210.85 -5295.3 -4333.6 -3324.47 -2266.66 -1158.92 
-1160.38 -2269.79 -3329.44 -4340.56 -5304.38 -6222.15 -7095.12 -7924.55 -8711.69 -9457.82 -10164.2 -10832 -11462.6 -12057.2 -12617 -13143.3 -13637.3 -14100.1 -14533 -14937.2 -15313.9 -15664.1 -15989.1 -16290 -16567.8 -16823.7 -17058.8 -17274.1 -17470.7 -17649.6 -17811.7 -17958.2 -18089.9 -18207.8 -18312.8 -18405.9 -18487.9 -18559.7 -18622.1 -18676 -18722.1 -18761.2 -18793.9 -18821 -18843.1 -18860.8 -18874.4 -18884.6 -18891.6 -18895.7 -18897.1 -18895.7 -18891.6 -18884.6 -18874.5 -18860.8 -18843.1 -18821 -18793.9 -18761.2 -18722.1 -18676 -18622.1 -18559.7 -18487.9 -18405.9 -18312.8 -18207.8 -18089.9 -17958.2 -17811.7 -17649.6 -17470.7 -17274.2 -17058.9 -16823.8 -16567.8 -16290 -15989.1 -15664.1 -15313.9 -14937.3 -14533.1 -14100.1 -13637.3 -13143.3 -12617.1 -12057.2 -11462.7 -10832.1 -10164.2 -9457.84 -8711.71 -7924.56 -7095.13 -6222.16 -5304.39 -4340.57 -3329.45 -2269.8 -1160.39 
-1161.64 -2272.48 -3333.71 -4346.56 -5312.22 -6231.93 -7106.92 -7938.43 -8727.7 -9475.97 -10184.5 -10854.5 -11487.2 -12083.9 -12645.8 -13174.1 -13669.9 -14134.6 -14569.3 -14975.2 -15353.4 -15705.1 -16031.4 -16333.5 -16612.4 -16869.3 -17105.3 -17321.3 -17518.4 -17697.7 -17860.2 -18006.8 -18138.6 -18256.4 -18361.3 -18454.1 -18535.7 -18607 -18668.9 -18722.1 -18767.5 -18805.8 -18837.8 -18864.1 -18885.5 -18902.4 -18915.5 -18925.1 -18931.7 -18935.6 -18936.9 -18935.6 -18931.7 -18925.1 -18915.5 -18902.4 -18885.5 -18864.1 -18837.8 -18805.8 -18767.5 -18722.1 -18668.9 -18607 -18535.7 -18454.1 -18361.3 -18256.5 -18138.6 -18006.9 -17860.2 -17697.8 -17518.5 -17321.3 -17105.3 -16869.4 -16612.5 -16333.5 -16031.4 -15705.1 -15353.4 -14975.2 -14569.3 -14134.7 -13670 -13174.1 -12645.8 -12083.9 -11487.3 -10854.5 -10184.5 -9475.99 -8727.72 -7938.45 -7106.94 -6231.94 -5312.23 -4346.57 -3333.72 -2272.48 -1161.64 
-1162.69 -2274.75 -3337.35 -4351.68 -5318.94 -6240.34 -7117.09 -7950.41 -8741.53 -9491.68 -10202.1 -10874 -11508.6 -12107.1 -12670.8 -13200.8 -13698.4 -14164.7 -14600.9 -15008.2 -15387.8 -15740.8 -16068.2 -16371.4 -16651.3 -16909 -17145.6 -17362.2 -17559.8 -17739.5 -17902.2 -18048.9 -18180.7 -18298.4 -18403 -18495.4 -18576.6 -18647.4 -18708.6 -18761.2 -18805.8 -18843.3 -18874.5 -18900 -18920.5 -18936.7 -18949.1 -18958.2 -18964.4 -18968 -18969.2 -18968 -18964.4 -18958.2 -18949.1 -18936.7 -18920.5 -18900 -18874.5 -18843.3 -18805.8 -18761.2 -18708.6 -18647.4 -18576.6 -18495.5 -18403 -18298.4 -18180.7 -18048.9 -17902.2 -17739.5 -17559.9 -17362.2 -17145.6 -16909 -16651.3 -16371.4 -16068.3 -15740.8 -15387.8 -15008.3 -14600.9 -14164.7 -13698.4 -13200.8 -12670.8 -12107.1 -11508.6 -10874 -10202.1 -9491.7 -8741.55 -7950.43 -7117.1 -6240.35 -5318.95 -4351.69 -3337.36 -2274.75 -1162.69 
-1163.57 -2276.66 -3340.42 -4356.02 -5324.65 -6247.5 -7125.76 -7960.66 -8753.38 -9505.16 -10217.2 -10890.7 -11527 -12127.1 -12692.3 -13223.8 -13722.9 -14190.6 -14628.2 -15036.7 -15417.5 -15771.5 -16100 -16404 -16684.7 -16943.1 -17180.4 -17397.4 -17595.4 -17775.3 -17938.2 -18085 -18216.6 -18334.2 -18438.5 -18530.6 -18611.3 -18681.5 -18742.1 -18793.9 -18837.8 -18874.5 -18904.8 -18929.5 -18949.2 -18964.6 -18976.2 -18984.7 -18990.4 -18993.7 -18994.8 -18993.7 -18990.5 -18984.7 -18976.2 -18964.6 -18949.2 -18929.5 -18904.8 -18874.5 -18837.8 -18793.9 -18742.1 -18681.5 -18611.3 -18530.6 -18438.5 -18334.2 -18216.7 -18085 -17938.2 -17775.4 -17595.5 -17397.5 -17180.4 -16943.2 -16684.8 -16404.1 -16100 -15771.6 -15417.5 -15036.8 -14628.2 -14190.6 -13722.9 -13223.9 -12692.3 -12127.1 -11527 -10890.8 -10217.2 -9505.18 -8753.4 -7960.67 -7125.78 -6247.51 -5324.67 -4356.03 -3340.43 -2276.67 -1163.57 
-1164.3 -2278.25 -3342.99 -4359.67 -5329.46 -6253.54 -7133.1 -7969.33 -8763.43 -9516.6 -10230.1 -10905 -11542.6 -12144.1 -12710.7 -13243.5 -13743.8 -14212.7 -14651.4 -15061.1 -15442.8 -15797.8 -16127.1 -16431.9 -16713.3 -16972.3 -17210 -17427.4 -17625.7 -17805.8 -17968.7 -18115.5 -18247.1 -18364.4 -18468.4 -18560.1 -18640.3 -18710 -18769.9 -18821 -18864.1 -18900 -18929.5 -18953.2 -18972.1 -18986.7 -18997.6 -19005.4 -19010.7 -19013.7 -19014.6 -19013.7 -19010.7 -19005.5 -18997.6 -18986.7 -18972.1 -18953.3 -18929.5 -18900 -18864.1 -18821 -18769.9 -18710 -18640.3 -18560.1 -18468.5 -18364.4 -18247.1 -18115.5 -17968.8 -17805.8 -17625.7 -17427.5 -17210 -16972.3 -16713.3 -16431.9 -16127.2 -15797.8 -15442.8 -15061.1 -14651.4 -14212.7 -13743.8 -13243.5 -12710.7 -12144.1 -11542.6 -10905 -10230.1 -9516.62 -8763.45 -7969.35 -7133.11 -6253.55 -5329.47 -4359.68 -3342.99 -2278.26 -1164.3 
