-1316.53 -2133.07 -2645.77 -2943.1 -3066.93 -3033.01 -2837.28 -2454.45 -1827.74 -838.425 785.57 1770.43 2387.8 2755.51 2928.81 2930.56 2760.91 2397.3 1784.84 806.11 -809.993 -1788.96 -2401.91 -2766.32 -2937.13 -2937 -2765.93 -2401.24 -1787.96 -808.601 807.988 1787.33 2400.58 2765.21 2936.21 2936.23 2765.28 2400.69 1787.48 808.195 -808.335 -1787.62 -2400.83 -2765.43 -2936.39 -2936.38 -2765.4 -2400.78 -1787.55 -808.232 808.323 1787.64 2400.87 2765.49 2936.48 2936.49 2765.54 2400.95 1787.75 808.469 -808.051 -1787.33 -2400.52 -2765.09 -2936.03 -2935.98 -2764.96 -2400.3 -1787.01 -807.632 809.003 1788.41 2401.77 2766.54 2937.71 2937.96 2767.3 2403.08 1790.36 811.704 -804.01 -1782.24 -2394.05 -2756.81 -2925.36 -2922.15 -2746.92 -2376.66 -1755.9 -766.532 863.479 1860.83 2498.29 2895.51 3110.48 3170.08 3080.38 2827.87 2372.34 1622.91 363.188 
-2133.07 -3569.98 -4506.89 -5059.72 -5291.6 -5227.84 -4861.67 -4152.77 -3018.09 -1311.53 1210.28 2908.35 4025.25 4705.44 5029.18 5032.53 4715.78 4043.45 2935.93 1249.6 -1257.13 -2943.92 -4052.38 -4726.23 -5045.2 -5044.95 -4725.48 -4051.08 -2941.98 -1254.43 1253.22 2940.74 4049.77 4724.07 5043.39 5043.44 4724.19 4049.99 2941.05 1253.63 -1253.91 -2941.33 -4050.28 -4724.49 -5043.75 -5043.73 -4724.43 -4050.16 -2941.17 -1253.71 1253.89 2941.36 4050.35 4724.62 5043.93 5043.96 4724.71 4050.51 2941.58 1254.18 -1253.35 -2940.74 -4049.65 -4723.82 -5043.03 -5042.94 -4723.57 -4049.22 -2940.12 -1252.52 1255.23 2942.89 4052.12 4726.67 5046.34 5046.82 4728.15 4054.67 2946.67 1260.46 -1245.51 -2930.88 -4037.15 -4707.85 -5022.47 -5016.31 -4688.88 -4003.81 -2880.41 -1173.71 1359.62 3081.56 4236.82 4973.26 5376.32 5489.46 5323.59 4858.75 4038.6 2756.11 829.844 
-2645.77 -4506.89 -5752.09 -6497.29 -6811.9 -6725.09 -6228.8 -5276.87 -3780.32 -1599.88 1458.73 3627.42 5099.43 6011.81 6449.93 6454.6 6026.22 5124.79 3665.85 1513.47 -1524.19 -3677.21 -5137.47 -6041.01 -6472.48 -6472.13 -6039.95 -5135.62 -3674.46 -1520.38 1518.6 3672.64 5133.71 6037.89 6469.86 6469.93 6038.07 5134.02 3673.09 1519.2 -1519.61 -3673.51 -5134.45 -6038.52 -6470.39 -6470.36 -6038.42 -5134.28 -3673.28 -1519.31 1519.58 3673.55 5134.56 6038.7 6470.65 6470.7 6038.84 5134.79 3673.88 1520.01 -1518.77 -3672.63 -5133.51 -6037.52 -6469.32 -6469.2 -6037.15 -5132.88 -3671.72 -1517.56 1521.55 3675.79 5137.14 6041.7 6474.16 6474.85 6043.8 5140.78 3681.17 1528.99 -1507.61 -3658.63 -5115.81 -6014.96 -6440.35 -6431.76 -5988.48 -5069.28 -3588.23 -1407.51 1667.14 3868.97 5394.15 6384.41 6932.09 7087.84 6865.78 6244.93 5167.19 3533.07 1200.08 
-2943.1 -5059.72 -6497.29 -7365.45 -7733.61 -7631.81 -7051.57 -5945.58 -4226.43 -1766.42 1597.09 4043.18 5733.24 6792.44 7304.12 7309.72 6809.72 5763.64 4089.22 1662.62 -1675.9 -4103.26 -5779.26 -6827.88 -7331.58 -7331.15 -6826.56 -5776.98 -4099.87 -1671.21 1668.91 4097.53 5774.52 6823.92 7328.25 7328.33 6824.16 5774.92 4098.1 1669.68 -1670.23 -4098.65 -5775.48 -6824.74 -7328.94 -7328.89 -6824.61 -5775.26 -4098.35 -1669.83 1670.18 4098.7 5775.63 6824.99 7329.28 7329.34 6825.17 5775.93 4099.14 1670.74 -1669.12 -4097.5 -5774.26 -6823.43 -7327.53 -7327.37 -6822.95 -5773.44 -4096.32 -1667.56 1672.73 4101.6 5778.94 6828.82 7333.75 7334.61 6831.43 5783.46 4108.27 1681.93 -1655.29 -4080.23 -5752.51 -6795.83 -7292.22 -7281.89 -6764 -5696.61 -3995.71 -1535.22 1847.46 4333.05 6086.39 7238.16 7879.78 8064.03 7806.75 7087.99 5852.18 4008.9 1437.42 
-3066.93 -5291.6 -6811.9 -7733.61 -8125.29 -8016.97 -7400.1 -6227.46 -4413.42 -1836.44 1652.89 4214.97 5997.91 7120.59 7664.38 7670.45 7139.31 6030.82 4264.76 1723.68 -1738.76 -4280.66 -6048.44 -7159.67 -7694.81 -7694.32 -7158.18 -6045.86 -4276.85 -1733.49 1730.73 4274.03 6042.91 7155.03 7690.88 7690.98 7155.32 6043.39 4274.72 1731.65 -1732.32 -4275.4 -6044.08 -7156.03 -7691.72 -7691.67 -7155.87 -6043.82 -4275.02 -1731.82 1732.26 4275.46 6044.26 7156.33 7692.15 7692.22 7156.55 6044.64 4275.99 1732.95 -1730.96 -4273.98 -6042.58 -7154.43 -7690 -7689.81 -7153.84 -6041.59 -4272.56 -1729.09 1735.33 4278.93 6048.22 7160.88 7697.42 7698.4 7163.86 6053.36 4286.5 1745.74 -1715.24 -4254.48 -6018.18 -7123.62 -7650.81 -7639.57 -7089.03 -5957.46 -4162.78 -1585.13 1924.87 4529.39 6380.2 7602.04 8284.86 8481.74 8209.21 7448.1 6144.64 4212.93 1540.69 
-3033.01 -5227.84 -6725.09 -7631.81 -8016.97 -7910.68 -7304.39 -6150.73 -4363.35 -1818.8 1635.92 4165.9 5922.86 7027.63 7562.35 7568.4 7046.26 5955.57 4215.33 1706.08 -1722.14 -4232.2 -5974.15 -7067.56 -7593.67 -7593.15 -7065.98 -5971.42 -4228.19 -1716.61 1713.45 4224.96 5968.06 7062.41 7589.27 7589.38 7062.73 5968.61 4225.75 1714.5 -1715.28 -4226.55 -5969.42 -7063.57 -7590.25 -7590.19 -7063.38 -5969.11 -4226.1 -1714.7 1715.22 4226.62 5969.64 7063.92 7590.75 7590.84 7064.19 5970.08 4227.25 1716.03 -1713.69 -4224.87 -5967.66 -7061.69 -7588.24 -7588.02 -7061.02 -5966.53 -4223.26 -1711.55 1718.74 4230.58 5974.13 7069.06 7596.66 7597.71 7072.25 5979.62 4238.64 1729.79 -1696.93 -4204.27 -5942.09 -7029.68 -7547.81 -7536.57 -6995.07 -5881.43 -4112.8 -1567.4 1907.75 4479.44 6302.98 7504.94 8175.87 8368.86 8100.25 7350.55 6065.37 4157.47 1512.43 
-2837.28 -4861.67 -6228.8 -7051.57 -7400.1 -7304.39 -6756.05 -5707.71 -4070.47 -1711.34 1543.69 3889.85 5499.99 6504.71 6989 6994.53 6521.75 5529.87 3934.89 1607.48 -1623.7 -3951.86 -5548.39 -6542.75 -7019.14 -7018.62 -6541.17 -5545.67 -3947.86 -1618.22 1614.72 3944.3 5541.97 6537.26 7014.42 7014.54 6537.63 5542.58 3945.17 1615.87 -1616.77 -3946.07 -5543.5 -6538.57 -7015.53 -7015.46 -6538.36 -5543.14 -3945.57 -1616.11 1616.69 3946.16 5543.74 6538.98 7016.1 7016.2 6539.28 5544.25 3946.87 1617.62 -1614.95 -3944.17 -5541.5 -6536.44 -7013.25 -7013 -6535.7 -5540.24 -3942.39 -1612.59 1620.59 3950.52 5548.66 6544.55 7022.47 7023.53 6547.8 5554.23 3958.67 1631.69 -1598.01 -3923.59 -5516.24 -6505.18 -6974.2 -6963.82 -6473.26 -5460.39 -3839.58 -1479.42 1794.08 4177.65 5847.34 6938.86 7544.82 7717.59 7472.38 6788.48 5608.81 3839.14 1351.56 
-2454.45 -4152.77 -5276.87 -5945.58 -6227.46 -6150.73 -5707.71 -4853.59 -3499.47 -1499.77 1360.33 3349.81 4682.57 5502.21 5894.39 5898.99 5516.33 4707.26 3386.91 1412.63 -1428.26 -3403.16 -4724.8 -5535.92 -5921.53 -5921.04 -5534.41 -4722.21 -3399.38 -1423.12 1419.36 3395.55 4718.25 5530.26 5916.61 5916.74 5530.64 4718.91 3396.48 1420.59 -1421.58 -3397.49 -4719.93 -5531.69 -5917.83 -5917.75 -5531.45 -4719.53 -3396.92 -1420.84 1421.5 3397.58 4720.2 5532.14 5918.46 5918.57 5532.48 4720.76 3398.37 1422.53 -1419.56 -3395.37 -4717.7 -5529.33 -5915.31 -5915.04 -5528.53 -4716.35 -3393.45 -1417.03 1425.71 3402.26 4725.43 5538.02 5925.12 5926.16 5541.18 4730.82 3410.1 1436.32 -1403.22 -3375.82 -4694.11 -5500.59 -5879.98 -5871.24 -5473.76 -4647.3 -3305.72 -1304.76 1570.35 3589.75 4969.86 5858.35 6346.96 6484.31 6283.18 5722.19 4742.26 3238.72 1054.68 
-1827.74 -3018.09 -3780.32 -4226.43 -4413.42 -4363.35 -4070.47 -3499.47 -2574.04 -1148.61 1047.59 2466.49 3378.25 3927.17 4187.38 4190.7 3937.34 3395.93 2492.84 1084.39 -1098.82 -2507.71 -3411.72 -3954.59 -4210.03 -4209.58 -3953.21 -3409.38 -2504.32 -1094.26 1090.28 2500.29 3405.23 3948.9 4205.02 4205.16 3949.31 3405.92 2501.27 1091.57 -1092.65 -2502.36 -3407.04 -3950.45 -4206.34 -4206.25 -3950.18 -3406.6 -2501.74 -1091.85 1092.56 2502.46 3407.33 3950.94 4207.03 4207.16 3951.31 3407.95 2503.33 1093.69 -1090.45 -2500.06 -3404.61 -3947.88 -4203.61 -4203.33 -3947.03 -3403.19 -2498.03 -1087.8 1097.01 2507.37 3412.77 3957 4213.82 4214.79 3959.95 3417.79 2514.6 1106.69 -1075.35 -2482.39 -3383.77 -3923.1 -4173.9 -4167.41 -3903.24 -3349.33 -2431.24 -1004.26 1202.31 2641.15 3583.99 4177.71 4500.37 4589.52 4453.84 4074.82 3399.33 2318.81 628.422 
-838.425 -1311.53 -1599.88 -1766.42 -1836.44 -1818.8 -1711.34 -1499.77 -1148.61 -568.232 512.151 1090.3 1436.79 1640.85 1737.26 1739.08 1646.4 1446.28 1104.13 530.92 -543.69 -1117.14 -1459.79 -1660.68 -1754.44 -1754.04 -1659.48 -1457.77 -1114.26 -539.878 535.746 1110.08 1453.5 1655.07 1749.43 1749.57 1655.49 1454.22 1111.09 537.065 -538.234 -1112.27 -1455.41 -1656.71 -1750.83 -1750.74 -1656.43 -1454.94 -1111.6 -537.368 538.136 1112.38 1455.73 1657.24 1751.58 1751.71 1657.64 1456.39 1113.31 539.349 -535.866 -1109.8 -1452.81 -1653.97 -1747.92 -1747.62 -1653.09 -1451.33 -1107.7 -533.127 542.764 1117.45 1461.3 1663.38 1758.37 1759.25 1666.03 1465.77 1123.83 551.197 -522.474 -1094.6 -1435.49 -1634.14 -1725.11 -1721.26 -1622.46 -1415.54 -1065.63 -483.363 602.028 1188.53 1547.23 1768.15 1887.28 1919.55 1867.86 1723.91 1461.43 1008.78 140.198 
785.57 1210.28 1458.73 1597.09 1652.89 1635.92 1543.69 1360.33 1047.59 512.151 -521.046 -1054.24 -1362.25 -1537.82 -1618.28 -1618.02 -1537.12 -1361.33 -1053.52 -521.153 510.281 1042.62 1350.38 1526.11 1607 1607.33 1527.1 1352.02 1044.93 513.262 -517.502 -1049.21 -1356.37 -1531.56 -1611.94 -1611.79 -1531.13 -1355.65 -1048.18 -516.165 514.922 1046.93 1354.38 1529.83 1610.46 1610.56 1530.13 1354.88 1047.64 515.842 -515.026 -1046.81 -1354.04 -1529.27 -1609.67 -1609.53 -1528.85 -1353.34 -1045.82 -513.74 517.434 1049.55 1357.13 1532.73 1613.54 1613.84 1533.64 1358.64 1051.69 520.226 -510.274 -1041.65 -1348.42 -1523.14 -1602.97 -1602.21 -1520.84 -1344.57 -1036.23 -503.265 528.852 1061.95 1370.54 1547.14 1628.86 1629.93 1550.21 1375.25 1067.62 534.414 -499.374 -1036.27 -1351.74 -1539.63 -1638.94 -1666.47 -1625.88 -1508.45 -1286.31 -885.328 -76.4067 
1770.43 2908.35 3627.42 4043.18 4214.97 4165.9 3889.85 3349.81 2466.49 1090.3 -1054.24 -2423.98 -3293.71 -3811.6 -4054.54 -4055.77 -3815.52 -3300.96 -2435.73 -1072.29 1063.35 2426.96 3292.57 3807.75 4049 4049.26 3808.53 3293.84 2428.7 1065.5 -1069.81 -2433.04 -3298.23 -3813 -4053.83 -4053.68 -3812.56 -3297.49 -2432 -1068.47 1067.16 2430.68 3296.16 3811.2 4052.29 4052.4 3811.52 3296.69 2431.43 1068.12 -1067.27 -2430.57 -3295.81 -3810.61 -4051.46 -4051.31 -3810.17 -3295.07 -2429.53 -1065.92 1069.79 2433.43 3299.04 3814.23 4055.5 4055.81 3815.15 3300.58 2435.6 1072.61 -1062.44 -2425.35 -3290.19 -3804.54 -4044.91 -4044.26 -3802.6 -3286.98 -2420.93 -1056.88 1079.2 2443.02 3308.56 3823.29 4063.5 4061.9 3818.13 3298.7 2426.44 1052.77 -1097.67 -2482.51 -3378.28 -3936.01 -4236.93 -4320.6 -4196.47 -3845.5 -3212.9 -2187.37 -560.497 
2387.8 4025.25 5099.43 5733.24 5997.91 5922.86 5499.99 4682.57 3378.25 1436.79 -1362.25 -3293.71 -4577.02 -5360.33 -5732.49 -5735.01 -5368.21 -4591.28 -3316.15 -1395.63 1388.44 3309.3 4585.17 5363.33 5731.99 5732.19 5363.91 4586.1 3310.52 1389.84 -1394.2 -3314.89 -4590.51 -5368.37 -5736.69 -5736.55 -5367.93 -4589.78 -3313.86 -1392.86 1391.49 3312.48 4588.39 5366.51 5735.11 5735.21 5366.84 4588.94 3313.26 1392.5 -1391.61 -3312.37 -4588.03 -5365.91 -5734.24 -5734.09 -5365.45 -4587.26 -3311.29 -1390.21 1394.23 3315.34 4591.37 5369.66 5738.42 5738.73 5370.58 4592.92 3317.52 1397.06 -1386.73 -3307.14 -4582.43 -5359.93 -5727.87 -5727.33 -5358.33 -4579.83 -3303.64 -1382.5 1401.78 3322.38 4597.4 5373.95 5739.96 5736.06 5361.69 4574.99 3286.67 1347.91 -1461.56 -3417.8 -4742.86 -5589.21 -6052.16 -6182.54 -5993.89 -5464.19 -4532.43 -3090.75 -978.213 
2755.51 4705.44 6011.81 6792.44 7120.59 7027.63 6504.71 5502.21 3927.17 1640.85 -1537.82 -3811.6 -5360.33 -6320.21 -6780.1 -6783.57 -6331.04 -5379.79 -3841.95 -1582.54 1576.75 3836.64 5375.49 6328.41 6783.44 6783.58 6328.83 5376.15 3837.44 1577.55 -1581.93 -3841.83 -5380.56 -6333.27 -6788.03 -6787.88 -6332.82 -5379.82 -3840.8 -1580.6 1579.18 3839.38 5378.39 6331.37 6786.4 6786.51 6331.71 5378.96 3840.18 1580.22 -1579.32 -3839.26 -5378.02 -6330.75 -6785.52 -6785.36 -6330.27 -5377.23 -3838.15 -1577.87 1582.01 3842.32 5381.46 6334.6 6789.8 6790.11 6335.52 5383.01 3844.5 1584.83 -1574.41 -3834.04 -5372.47 -6324.86 -6779.32 -6778.87 -6323.55 -5370.37 -3831.3 -1571.26 1588.05 3847.3 5384.72 6335.15 6786.31 6780.69 6317.57 5352.92 3797.32 1513.76 -1678.69 -3984.29 -5586.15 -6625.79 -7199.97 -7363.51 -7132.35 -6484.96 -5361.85 -3665 -1261.6 
2928.81 5029.18 6449.93 7304.12 7664.38 7562.35 6989 5894.39 4187.38 1737.26 -1618.28 -4054.54 -5732.49 -6780.1 -7284.11 -7288.12 -6792.59 -5754.89 -4089.33 -1669.31 1664.45 4085.02 5751.75 6791.37 7289.77 7289.88 6791.69 5752.21 4085.53 1664.85 -1669.25 -4089.94 -5756.63 -6796.1 -7294.28 -7294.14 -6795.66 -5755.89 -4088.91 -1667.93 1666.47 4087.45 5754.42 6794.17 7292.62 7292.73 6794.52 5755 4088.27 1667.54 -1666.61 -4087.34 -5754.05 -6793.54 -7291.72 -7291.56 -6793.06 -5753.24 -4086.2 -1665.13 1669.36 4090.45 5757.56 6797.46 7296.08 7296.39 6798.39 5759.11 4092.63 1672.17 -1661.7 -4082.13 -5748.54 -6787.74 -7285.66 -7285.28 -6786.63 -5746.8 -4079.92 -1659.29 1674.37 4094.08 5759 6795.63 7289.44 7282.82 6774.97 5721.81 4035.93 1588.51 -1782.66 -4254.53 -5991.66 -7127.83 -7758.43 -7939.17 -7687.05 -6981.44 -5765.02 -3945.8 -1403.19 
2930.56 5032.53 6454.6 7309.72 7670.45 7568.4 6994.53 5898.99 4190.7 1739.08 -1618.02 -4055.77 -5735.01 -6783.57 -7288.12 -7292.22 -6796.32 -5757.83 -4091.16 -1669.82 1665.34 4087.25 5755.12 6795.56 7294.38 7294.47 6795.82 5755.49 4087.63 1665.57 -1669.99 -4092.05 -5759.91 -6800.24 -7298.86 -7298.72 -6799.8 -5759.18 -4091.03 -1668.67 1667.17 4089.53 5757.67 6798.27 7297.16 7297.28 6798.62 5758.26 4090.36 1668.26 -1667.33 -4089.43 -5757.31 -6797.64 -7296.26 -7296.1 -6797.15 -5756.48 -4088.27 -1665.83 1670.11 4092.58 5760.86 6801.61 7300.68 7300.98 6802.53 5762.4 4094.75 1672.9 -1662.42 -4084.23 -5751.84 -6791.91 -7290.3 -7289.95 -6790.9 -5750.27 -4082.29 -1660.36 1674.66 4095.63 5761.6 6798.92 7293.01 7286.19 6777.67 5723.41 4036.09 1587 -1785.93 -4259.5 -5998.12 -7135.45 -7766.76 -7947.7 -7695.23 -6988.75 -5770.97 -3950.01 -1405.37 
2760.91 4715.78 6026.22 6809.72 7139.31 7046.26 6521.75 5516.33 3937.34 1646.4 -1537.12 -3815.52 -5368.21 -6331.04 -6792.59 -6796.32 -6342.64 -5388.96 -3847.68 -1584.15 1579.48 3843.52 5385.9 6341.37 6797.72 6797.81 6341.64 5386.29 3843.94 1579.77 -1584.2 -3848.37 -5390.73 -6346.07 -6802.22 -6802.07 -6345.63 -5390 -3847.35 -1582.9 1581.37 3845.82 5388.46 6344.07 6800.49 6800.61 6344.43 5389.06 3846.67 1582.47 -1581.54 -3845.73 -5388.1 -6343.45 -6799.6 -6799.43 -6342.95 -5387.27 -3844.56 -1580.02 1584.34 3848.91 5391.67 6347.44 6804.03 6804.34 6348.36 5393.21 3851.06 1587.11 -1576.63 -3840.56 -5382.66 -6337.75 -6793.67 -6793.33 -6336.75 -5381.1 -3838.6 -1574.53 1588.99 3852.18 5392.83 6345.45 6797.48 6791.27 6326.1 5358.08 3798.03 1509.32 -1688.56 -3999.41 -5605.87 -6649.08 -7225.46 -7389.62 -7157.42 -6507.35 -5380.09 -3677.88 -1268.27 
2397.3 4043.45 5124.79 5763.64 6030.82 5955.57 5529.87 4707.26 3395.93 1446.28 -1361.33 -3300.96 -4591.28 -5379.79 -5754.89 -5757.83 -5388.96 -4607.69 -3326.42 -1398.6 1393.21 3321.45 4603.6 5386.3 5757.31 5757.42 5386.63 4604.1 3322.05 1393.78 -1398.23 -3326.5 -4608.55 -5391.08 -5761.87 -5761.72 -5390.65 -4607.83 -3325.49 -1396.93 1395.37 3323.93 4606.27 5389.07 5760.12 5760.24 5389.43 4606.87 3324.78 1396.48 -1395.56 -3323.86 -4605.93 -5388.46 -5759.24 -5759.07 -5387.96 -4605.09 -3322.68 -1394.04 1398.36 3327.03 4609.5 5392.45 5763.67 5763.97 5393.36 4611.02 3329.16 1401.11 -1390.67 -3318.7 -4600.5 -5382.77 -5753.31 -5752.94 -5381.69 -4598.77 -3316.47 -1388.14 1403.64 3331.26 4612.09 5392.58 5760.19 5755.32 5377.38 4584.78 3288.64 1340.81 -1478.23 -3443.71 -4776.89 -5629.53 -6096.39 -6227.91 -6037.48 -5503.15 -4564.17 -3113.17 -989.812 
1784.84 2935.93 3665.85 4089.22 4264.76 4215.33 3934.89 3386.91 2492.84 1104.13 -1053.52 -2435.73 -3316.15 -3841.95 -4089.33 -4091.16 -3847.68 -3326.42 -2451.73 -1077.03 1070.51 2445.48 3320.74 3842.92 4087.8 4087.94 3843.36 3321.44 2446.38 1071.54 -1076 -2450.84 -3325.91 -3847.85 -4092.45 -4092.3 -3847.42 -3325.19 -2449.84 -1074.7 1073.13 2448.26 3323.61 3845.82 4090.68 4090.81 3846.18 3324.21 2449.11 1074.23 -1073.34 -2448.21 -3323.29 -3845.23 -4089.82 -4089.66 -3844.73 -3322.46 -2447.03 -1071.82 1076.11 2451.35 3326.83 3849.19 4094.22 4094.52 3850.09 3328.34 2453.47 1078.84 -1068.47 -2443.06 -3317.87 -3839.53 -4083.84 -4083.42 -3838.28 -3315.85 -2440.36 -1065.21 1082.45 2457.15 3331.69 3852.57 4095.38 4092.43 3843.34 3315 2430.92 1043.51 -1121.45 -2520.32 -3428.44 -3995.76 -4302.65 -4388.14 -4261.43 -3903.6 -3260.27 -2220.83 -577.808 
806.11 1249.6 1513.47 1662.62 1723.68 1706.08 1607.48 1412.63 1084.39 530.92 -521.153 -1072.29 -1395.63 -1582.54 -1669.31 -1669.82 -1584.15 -1398.6 -1077.03 -528.317 520.399 1069.21 1390.97 1576.85 1663.01 1663.2 1577.42 1391.91 1070.49 521.993 -526.451 -1074.96 -1396.4 -1581.95 -1667.77 -1667.63 -1581.52 -1395.69 -1073.96 -525.164 523.574 1072.37 1394.09 1579.91 1665.99 1666.11 1580.27 1394.69 1073.21 524.672 -523.81 -1072.34 -1393.8 -1579.35 -1665.16 -1665 -1578.86 -1392.97 -1071.17 -522.297 526.537 1075.44 1397.29 1583.25 1669.5 1669.8 1584.15 1398.78 1077.54 529.244 -518.972 -1067.22 -1388.38 -1573.63 -1659.12 -1658.63 -1572.17 -1385.98 -1063.9 -514.786 534.217 1083.19 1404.96 1590.65 1676.33 1675.68 1588.54 1400.97 1076.55 523.755 -530.743 -1087.69 -1420.8 -1622.42 -1730.33 -1760.58 -1716.51 -1589.56 -1352.46 -932.069 -100.591 
-809.993 -1257.13 -1524.19 -1675.9 -1738.76 -1722.14 -1623.7 -1428.26 -1098.82 -543.69 510.281 1063.35 1388.44 1576.75 1664.45 1665.34 1579.48 1393.21 1070.51 520.399 -529.811 -1080.02 -1402.91 -1589.49 -1675.82 -1675.58 -1588.78 -1401.72 -1078.33 -527.604 523.154 1073.86 1397.22 1584.22 1670.95 1671.08 1584.64 1397.92 1074.85 524.43 -526.031 -1076.45 -1399.53 -1586.27 -1672.73 -1672.61 -1585.91 -1398.93 -1075.62 -524.946 525.769 1076.45 1399.78 1586.79 1673.52 1673.68 1587.28 1400.6 1077.6 527.264 -523.103 -1073.42 -1396.37 -1582.97 -1669.27 -1668.97 -1582.09 -1394.9 -1071.35 -520.427 530.558 1081.53 1405.18 1592.53 1679.63 1680.19 1594.21 1408.01 1085.52 535.747 -513.983 -1063.57 -1385.68 -1571.28 -1656.38 -1654.6 -1565.82 -1376.2 -1049.46 -494.295 562.402 1121.12 1455.35 1657.22 1764.34 1792.67 1745.52 1614.35 1372.04 945.608 107.511 
-1788.96 -2943.92 -3677.21 -4103.26 -4280.66 -4232.2 -3951.86 -3403.16 -2507.71 -1117.14 1042.62 2426.96 3309.3 3836.64 4085.02 4087.25 3843.52 3321.45 2445.48 1069.21 -1080.02 -2456.56 -3333.11 -3856.1 -4101.2 -4100.92 -3855.25 -3331.67 -2454.49 -1077.23 1072.81 2450.04 3327.17 3850.68 4096.24 4096.38 3851.1 3327.86 2451.01 1074.07 -1075.68 -2452.62 -3329.48 -3852.73 -4098.03 -4097.91 -3852.38 -3328.9 -2451.8 -1074.61 1075.38 2452.58 3329.7 3853.2 4098.77 4098.93 3853.69 3330.51 2453.72 1076.85 -1072.8 -2449.64 -3326.38 -3849.48 -4094.63 -4094.34 -3848.62 -3324.93 -2447.6 -1070.16 1080.1 2457.6 3335.05 3858.93 4104.91 4105.54 3860.83 3338.27 2462.22 1086.24 -1062.33 -2437.81 -3312.83 -3833.72 -4075.97 -4071.86 -3821.04 -3290.49 -2403.9 -1013.88 1153.53 2554.42 3463.86 4031.59 4337.81 4421.41 4291.57 3929.4 3280.67 2234.95 585.029 
-2401.91 -4052.38 -5137.47 -5779.26 -6048.44 -5974.15 -5548.39 -4724.8 -3411.72 -1459.79 1350.38 3292.57 4585.17 5375.49 5751.75 5755.12 5385.9 4603.6 3320.74 1390.97 -1402.91 -3333.11 -4616.86 -5400.6 -5771.96 -5771.64 -5399.65 -4615.22 -3330.71 -1399.64 1395.27 3326.31 4610.76 5395.1 5766.96 5767.09 5395.5 4611.43 3327.26 1396.51 -1398.12 -3328.88 -4613.05 -5397.13 -5768.74 -5768.63 -5396.79 -4612.48 -3328.07 -1397.07 1397.79 3328.8 4613.22 5397.56 5769.43 5769.59 5398.03 4614.01 3329.91 1399.23 -1395.3 -3325.96 -4610.02 -5393.96 -5765.42 -5765.14 -5393.12 -4608.61 -3323.97 -1392.73 1402.41 3333.72 4618.5 5403.22 5775.55 5776.23 5405.29 4622.03 3338.85 1409.32 -1383.75 -3312.51 -4594.11 -5374.8 -5741.93 -5735.84 -5355.97 -4560.83 -3261.75 -1310.84 1511.16 3479.15 4814.1 5667.49 6133.88 6263.58 6069.93 5531.03 4586.27 3128.49 997.654 
-2766.32 -4726.23 -6041.01 -6827.88 -7159.67 -7067.56 -6542.75 -5535.92 -3954.59 -1660.68 1526.11 3807.75 5363.33 6328.41 6791.37 6795.56 6341.37 5386.3 3842.92 1576.85 -1589.49 -3856.1 -5400.6 -6357.5 -6814.39 -6814.05 -6356.47 -5398.84 -3853.5 -1585.91 1581.62 3849.18 5394.45 6351.98 6809.41 6809.54 6352.37 5395.1 3850.09 1582.82 -1584.43 -3851.71 -5396.72 -6354 -6811.18 -6811.07 -6353.66 -5396.16 -3850.93 -1583.41 1584.07 3851.59 5396.84 6354.37 6811.81 6811.96 6354.83 5397.61 3852.67 1585.47 -1581.69 -3848.87 -5393.77 -6350.92 -6807.96 -6807.69 -6350.1 -5392.4 -3846.95 -1579.2 1588.56 3856.38 5401.99 6359.92 6817.83 6818.54 6362.09 5405.7 3861.81 1595.95 -1569.48 -3834.39 -5376.29 -6329.44 -6781.11 -6773.59 -6306.17 -5335.11 -3771.46 -1478.87 1722.79 4036.94 5645.88 6690.39 7266.65 7429.11 7193.55 6538.53 5404.88 3695.11 1277.09 
-2937.13 -5045.2 -6472.48 -7331.58 -7694.81 -7593.67 -7019.14 -5921.53 -4210.03 -1754.44 1607 4049 5731.99 6783.44 7289.77 7294.38 6797.72 5757.31 4087.8 1663.01 -1675.82 -4101.2 -5771.96 -6814.39 -7314.05 -7313.71 -6813.35 -5770.16 -4098.53 -1672.13 1667.95 4094.32 5765.88 6808.96 7309.16 7309.29 6809.33 5766.5 4095.2 1669.1 -1670.7 -4096.81 -5768.12 -6810.96 -7310.92 -7310.82 -6810.64 -5767.58 -4096.06 -1669.72 1670.3 4096.65 5768.18 6811.26 7311.48 7311.63 6811.71 5768.93 4097.69 1671.66 -1668.06 -4094.07 -5765.27 -6807.98 -7307.81 -7307.55 -6807.2 -5763.96 -4092.23 -1665.66 1674.63 4101.27 5773.15 6816.62 7317.31 7318.03 6818.8 5776.89 4106.75 1682.14 -1655.72 -4079.28 -5747.22 -6785.56 -7279.48 -7271.23 -6760.02 -5701.99 -4010.09 -1555.98 1821.92 4299.96 6042.08 7181.52 7813.24 7992.64 7736.63 7024.65 5799.61 3969.96 1415.61 
-2937 -5044.95 -6472.13 -7331.15 -7694.32 -7593.15 -7018.62 -5921.04 -4209.58 -1754.04 1607.33 4049.26 5732.19 6783.58 7289.88 7294.47 6797.81 5757.42 4087.94 1663.2 -1675.58 -4100.92 -5771.64 -6814.05 -7313.71 -7313.38 -6813.05 -5769.91 -4098.35 -1672.02 1667.99 4094.29 5765.79 6808.82 7309 7309.11 6809.17 5766.37 4095.12 1669.07 -1670.67 -4096.73 -5767.98 -6810.79 -7310.74 -7310.64 -6810.48 -5767.47 -4096 -1669.73 1670.23 4096.51 5767.99 6811.02 7311.21 7311.36 6811.45 5768.7 4097.51 1671.53 -1668.13 -4094.09 -5765.24 -6807.93 -7307.75 -7307.51 -6807.19 -5764 -4092.34 -1665.85 1674.36 4100.91 5772.71 6816.13 7316.76 7317.45 6818.21 5776.3 4106.17 1681.58 -1656.26 -4079.81 -5747.73 -6786.08 -7280.04 -7271.83 -6760.68 -5702.73 -4010.92 -1556.9 1820.92 4298.89 6040.97 7180.39 7812.12 7991.59 7735.67 7023.83 5798.97 3969.51 1415.38 
-2765.93 -4725.48 -6039.95 -6826.56 -7158.18 -7065.98 -6541.17 -5534.41 -3953.21 -1659.48 1527.1 3808.53 5363.91 6328.83 6791.69 6795.82 6341.64 5386.63 3843.36 1577.42 -1588.78 -3855.25 -5399.65 -6356.47 -6813.35 -6813.05 -6355.57 -5398.09 -3852.95 -1585.58 1581.73 3849.06 5394.15 6351.54 6808.89 6809 6351.87 5394.7 3849.84 1582.74 -1584.33 -3851.43 -5396.3 -6353.47 -6810.61 -6810.51 -6353.18 -5395.8 -3850.74 -1583.43 1583.84 3851.16 5396.24 6353.63 6811 6811.13 6354.04 5396.92 3852.12 1585.08 -1581.9 -3848.92 -5393.68 -6350.75 -6807.77 -6807.53 -6350.05 -5392.51 -3847.27 -1579.76 1587.73 3855.3 5400.67 6358.4 6816.17 6816.79 6360.29 5403.91 3860.07 1594.27 -1571.09 -3835.95 -5377.83 -6331.01 -6782.76 -6775.38 -6308.15 -5337.33 -3773.94 -1481.63 1719.77 4033.72 5642.51 6686.96 7263.28 7425.91 7190.65 6536.04 5402.91 3693.74 1276.39 
-2401.24 -4051.08 -5135.62 -5776.98 -6045.86 -5971.42 -5545.67 -4722.21 -3409.38 -1457.77 1352.02 3293.84 4586.1 5376.15 5752.21 5755.49 5386.29 4604.1 3321.44 1391.91 -1401.72 -3331.67 -4615.22 -5398.84 -5770.16 -5769.91 -5398.09 -4613.93 -3329.76 -1399.09 1395.43 3326.09 4610.21 5394.3 5766.02 5766.12 5394.6 4610.71 3326.8 1396.36 -1397.94 -3328.39 -4612.3 -5396.19 -5767.72 -5767.62 -5395.91 -4611.83 -3327.73 -1397.09 1397.4 3328.05 4612.17 5396.27 5768.01 5768.14 5396.66 4612.82 3328.96 1398.58 -1395.64 -3326 -4609.82 -5393.61 -5765.03 -5764.81 -5392.96 -4608.74 -3324.47 -1393.66 1401.03 3331.9 4616.26 5400.65 5772.72 5773.24 5402.25 4619 3335.91 1406.51 -1386.42 -3315.08 -4596.63 -5377.35 -5744.61 -5738.76 -5359.22 -4564.5 -3265.89 -1315.46 1506.08 3473.7 4808.38 5661.66 6128.13 6258.12 6064.97 5526.77 4582.89 3126.15 996.456 
-1787.96 -2941.98 -3674.46 -4099.87 -4276.85 -4228.19 -3947.86 -3399.38 -2504.32 -1114.26 1044.93 2428.7 3310.52 3837.44 4085.53 4087.63 3843.94 3322.05 2446.38 1070.49 -1078.33 -2454.49 -3330.71 -3853.5 -4098.53 -4098.35 -3852.95 -3329.76 -2453.1 -1076.43 1073 2449.66 3326.3 3849.43 4094.78 4094.87 3849.71 3326.75 2450.3 1073.83 -1075.4 -2451.87 -3328.32 -3851.28 -4096.44 -4096.36 -3851.02 -3327.88 -2451.25 -1074.61 1074.82 2451.47 3328.11 3851.27 4096.63 4096.76 3851.64 3328.73 2452.33 1075.93 -1073.24 -2449.63 -3325.99 -3848.86 -4093.92 -4093.72 -3848.26 -3324.99 -2448.22 -1071.43 1078.16 2454.99 3331.83 3855.2 4100.82 4101.23 3856.44 3333.95 2458.06 1082.3 -1066.03 -2441.33 -3316.25 -3837.16 -4079.59 -4075.82 -3825.48 -3295.56 -2409.67 -1020.38 1146.32 2546.62 3455.64 4023.18 4329.47 4413.46 4284.33 3923.18 3275.73 2231.53 583.276 
-808.601 -1254.43 -1520.38 -1671.21 -1733.49 -1716.61 -1618.22 -1423.12 -1094.26 -539.878 513.262 1065.5 1389.84 1577.55 1664.85 1665.57 1579.77 1393.78 1071.54 521.993 -527.604 -1077.23 -1399.64 -1585.91 -1672.13 -1672.02 -1585.58 -1399.09 -1076.43 -526.539 523.351 1073.24 1395.88 1582.36 1668.78 1668.86 1582.61 1396.29 1073.8 524.084 -525.64 -1075.36 -1397.84 -1584.16 -1670.42 -1670.34 -1583.92 -1397.44 -1074.79 -524.898 524.997 1074.89 1397.55 1584.06 1670.5 1670.62 1584.4 1398.13 1075.7 526.037 -523.62 -1073.27 -1395.67 -1581.9 -1668.06 -1667.88 -1581.36 -1394.76 -1072 -521.983 528.04 1078.07 1400.87 1587.52 1674.12 1674.4 1588.36 1402.28 1080.07 530.665 -518.685 -1067.95 -1389.86 -1575.46 -1660.77 -1659.43 -1571.33 -1382.58 -1056.84 -502.726 552.959 1110.8 1444.39 1645.94 1753.12 1781.94 1735.71 1605.9 1365.32 940.943 105.121 
807.988 1253.22 1518.6 1668.91 1730.73 1713.45 1614.72 1419.36 1090.28 535.746 -517.502 -1069.81 -1394.2 -1581.93 -1669.25 -1669.99 -1584.2 -1398.23 -1076 -526.451 523.154 1072.81 1395.27 1581.62 1667.95 1667.99 1581.73 1395.43 1073 523.351 -526.297 -1075.94 -1398.37 -1584.64 -1670.88 -1670.81 -1584.43 -1398.01 -1075.45 -525.664 524.121 1073.91 1396.47 1582.89 1669.27 1669.35 1583.11 1396.85 1074.44 524.804 -524.823 -1074.45 -1396.85 -1583.1 -1669.3 -1669.2 -1582.78 -1396.31 -1073.7 -523.857 525.991 1075.85 1398.48 1584.98 1671.45 1671.61 1585.47 1399.3 1076.98 527.448 -522.085 -1071.62 -1393.93 -1580.11 -1666.26 -1666.11 -1579.69 -1393.25 -1070.72 -521.026 528.581 1078.08 1400.19 1585.96 1671.41 1670.19 1582.16 1393.41 1067.61 513.36 -542.561 -1100.75 -1434.81 -1636.95 -1744.87 -1774.55 -1729.32 -1600.63 -1361.28 -938.198 -103.734 
1787.33 2940.74 3672.64 4097.53 4274.03 4224.96 3944.3 3395.55 2500.29 1110.08 -1049.21 -2433.04 -3314.89 -3841.83 -4089.94 -4092.05 -3848.37 -3326.5 -2450.84 -1074.96 1073.86 2450.04 3326.31 3849.18 4094.32 4094.29 3849.06 3326.09 2449.66 1073.24 -1075.94 -2452.35 -3328.76 -3851.69 -4096.85 -4096.79 -3851.5 -3328.46 -2451.93 -1075.41 1073.88 2450.4 3326.93 3849.98 4095.27 4095.33 3850.19 3327.27 2450.88 1074.5 -1074.64 -2451.02 -3327.4 -3850.29 -4095.42 -4095.32 -3850 -3326.9 -2450.33 -1073.76 1075.59 2452.18 3328.77 3851.9 4097.26 4097.4 3852.33 3329.5 2453.19 1076.88 -1072.21 -2448.53 -3324.88 -3847.77 -4092.93 -4092.91 -3847.74 -3324.88 -2448.67 -1072.63 1075.96 2451.48 3326.6 3847.7 4090.27 4086.62 3836.36 3306.46 2420.52 1031.11 -1135.81 -2536.44 -3445.93 -4014.06 -4321.09 -4405.95 -4277.83 -3917.81 -3271.6 -2228.72 -581.859 
2400.58 4049.77 5133.71 5774.52 6042.91 5968.06 5541.97 4718.25 3405.23 1453.5 -1356.37 -3298.23 -4590.51 -5380.56 -5756.63 -5759.91 -5390.73 -4608.55 -3325.91 -1396.4 1397.22 3327.17 4610.76 5394.45 5765.88 5765.79 5394.15 4610.21 3326.3 1395.88 -1398.37 -3328.76 -4612.63 -5396.5 -5768.03 -5767.98 -5396.35 -4612.38 -3328.41 -1397.93 1396.41 3326.89 4610.86 5394.84 5766.48 5766.54 5395.02 4611.17 3327.32 1396.97 -1397.24 -3327.59 -4611.43 -5395.26 -5766.76 -5766.67 -5394.99 -4610.98 -3326.96 -1396.43 1397.96 3328.5 4612.54 5396.58 5768.29 5768.41 5396.96 4613.17 3329.39 1399.08 -1395.09 -3325.43 -4609.28 -5393.16 -5764.77 -5764.86 -5393.47 -4609.87 -3326.46 -1396.78 1396.41 3325.29 4607.04 5387.95 5755.37 5749.64 5370.21 4575.53 3276.91 1326.38 -1495.35 -3463.28 -4798.4 -5652.27 -6119.47 -6250.34 -6058.22 -5521.19 -4578.6 -3123.24 -994.98 
2765.21 4724.07 6037.89 6823.92 7155.03 7062.41 6537.26 5530.26 3948.9 1655.07 -1531.56 -3813 -5368.37 -6333.27 -6796.1 -6800.24 -6346.07 -5391.08 -3847.85 -1581.95 1584.22 3850.68 5395.1 6351.98 6808.96 6808.82 6351.54 5394.3 3849.43 1582.36 -1584.64 -3851.69 -5396.5 -6353.65 -6810.8 -6810.76 -6353.53 -5396.29 -3851.4 -1584.29 1582.78 3849.89 5394.79 6352.03 6809.27 6809.33 6352.19 5395.06 3850.28 1583.27 -1583.68 -3850.68 -5395.45 -6352.57 -6809.68 -6809.6 -6352.32 -5395.05 -3850.11 -1582.95 1584.17 3851.34 5396.29 6353.59 6810.89 6811.01 6353.93 5396.85 3852.11 1585.14 -1581.8 -3848.81 -5393.63 -6350.84 -6808.12 -6808.3 -6351.4 -5394.67 -3850.52 -1584.45 1581.15 3846.23 5388.31 6341.68 6793.61 6786.38 6319.29 5348.56 3785.21 1492.85 -1708.7 -4022.92 -5632.12 -6677.14 -7254.19 -7417.72 -7183.52 -6530.13 -5398.35 -3690.64 -1274.83 
2936.21 5043.39 6469.86 7328.25 7690.88 7589.27 7014.42 5916.61 4205.02 1749.43 -1611.94 -4053.83 -5736.69 -6788.03 -7294.28 -7298.86 -6802.22 -5761.87 -4092.45 -1667.77 1670.95 4096.24 5766.96 6809.41 7309.16 7309 6808.89 5766.02 4094.78 1668.78 -1670.88 -4096.85 -5768.03 -6810.8 -7310.77 -7310.74 -6810.7 -5767.87 -4096.62 -1670.6 1669.1 4095.12 5766.37 6809.21 7309.26 7309.3 6809.35 5766.61 4095.45 1669.53 -1670.08 -4095.99 -5767.14 -6809.87 -7309.8 -7309.73 -6809.66 -5766.78 -4095.49 -1669.43 1670.32 4096.39 5767.7 6810.59 7310.69 7310.79 6810.89 5768.19 4097.07 1671.16 -1668.44 -4094.39 -5765.6 -6808.45 -7308.58 -7308.8 -6809.16 -5766.91 -4096.49 -1671.64 1666.43 4090.18 5758.31 6796.85 7291 7282.99 6772.02 5714.22 4022.5 1568.51 -1809.39 -4287.57 -6030.02 -7169.98 -7802.44 -7982.82 -7728.02 -7017.47 -5794.04 -3966.16 -1413.68 
2936.23 5043.44 6469.93 7328.33 7690.98 7589.38 7014.54 5916.74 4205.16 1749.57 -1611.79 -4053.68 -5736.55 -6787.88 -7294.14 -7298.72 -6802.07 -5761.72 -4092.3 -1667.63 1671.08 4096.38 5767.09 6809.54 7309.29 7309.11 6809 5766.12 4094.87 1668.86 -1670.81 -4096.79 -5767.98 -6810.76 -7310.74 -7310.71 -6810.68 -5767.85 -4096.61 -1670.6 1669.1 4095.12 5766.36 6809.2 7309.23 7309.27 6809.32 5766.56 4095.39 1669.46 -1670.15 -4096.08 -5767.24 -6809.98 -7309.92 -7309.86 -6809.8 -5766.93 -4095.64 -1669.59 1670.15 4096.22 5767.51 6810.4 7310.48 7310.57 6810.66 5767.94 4096.81 1670.89 -1668.73 -4094.7 -5765.92 -6808.79 -7308.93 -7309.17 -6809.54 -5767.3 -4096.89 -1672.05 1666.01 4089.75 5757.87 6796.42 7290.57 7282.55 6771.58 5713.78 4022.07 1568.09 -1809.8 -4287.97 -6030.39 -7170.33 -7802.76 -7983.11 -7728.27 -7017.67 -5794.2 -3966.26 -1413.73 
2765.28 4724.19 6038.07 6824.16 7155.32 7062.73 6537.63 5530.64 3949.31 1655.49 -1531.13 -3812.56 -5367.93 -6332.82 -6795.66 -6799.8 -6345.63 -5390.65 -3847.42 -1581.52 1584.64 3851.1 5395.5 6352.37 6809.33 6809.17 6351.87 5394.6 3849.71 1582.61 -1584.43 -3851.5 -5396.35 -6353.53 -6810.7 -6810.68 -6353.47 -5396.25 -3851.37 -1584.27 1582.78 3849.88 5394.76 6351.98 6809.21 6809.24 6352.08 5394.92 3850.11 1583.07 -1583.91 -3850.95 -5395.75 -6352.9 -6810.04 -6809.99 -6352.74 -5395.49 -3850.57 -1583.43 1583.66 3850.81 5395.74 6353 6810.28 6810.35 6353.23 5396.11 3851.33 1584.31 -1582.68 -3849.74 -5394.61 -6351.87 -6809.19 -6809.4 -6352.55 -5395.85 -3851.73 -1585.68 1579.9 3844.96 5387.02 6340.38 6792.3 6785.07 6317.98 5347.25 3783.91 1491.57 -1709.94 -4024.11 -5633.25 -6678.2 -7255.16 -7418.58 -7184.27 -6530.75 -5398.82 -3690.96 -1274.99 
2400.69 4049.99 5134.02 5774.92 6043.39 5968.61 5542.58 4718.91 3405.92 1454.22 -1355.65 -3297.49 -4589.78 -5379.82 -5755.89 -5759.18 -5390 -4607.83 -3325.19 -1395.69 1397.92 3327.86 4611.43 5395.1 5766.5 5766.37 5394.7 4610.71 3326.75 1396.29 -1398.01 -3328.46 -4612.38 -5396.29 -5767.87 -5767.85 -5396.25 -4612.31 -3328.36 -1397.9 1396.41 3326.87 4610.82 5394.77 5766.38 5766.4 5394.84 4610.94 3327.04 1396.63 -1397.63 -3328.04 -4611.93 -5395.81 -5767.36 -5767.32 -5395.68 -4611.71 -3327.73 -1397.23 1397.12 3327.63 4611.62 5395.61 5767.26 5767.33 5395.81 4611.95 3328.09 1397.7 -1396.56 -3326.98 -4610.91 -5394.87 -5766.55 -5766.71 -5395.38 -4611.84 -3328.48 -1398.85 1394.31 3323.16 4604.88 5385.77 5753.17 5747.44 5368 4573.34 3274.74 1324.25 -1497.43 -3465.28 -4800.3 -5654.04 -6121.1 -6251.79 -6059.47 -5522.22 -4579.39 -3123.77 -995.251 
1787.48 2941.05 3673.09 4098.1 4274.72 4225.75 3945.17 3396.48 2501.27 1111.09 -1048.18 -2432 -3313.86 -3840.8 -4088.91 -4091.03 -3847.35 -3325.49 -2449.84 -1073.96 1074.85 2451.01 3327.26 3850.09 4095.2 4095.12 3849.84 3326.8 2450.3 1073.8 -1075.45 -2451.93 -3328.41 -3851.4 -4096.62 -4096.61 -3851.37 -3328.36 -2451.87 -1075.38 1073.89 2450.38 3326.88 3849.89 4095.13 4095.15 3849.94 3326.96 2450.49 1074.04 -1075.19 -2451.65 -3328.1 -3851.07 -4096.27 -4096.23 -3850.97 -3327.93 -2451.4 -1074.88 1074.42 2450.96 3327.49 3850.55 4095.84 4095.9 3850.73 3327.79 2451.37 1074.94 -1074.26 -2450.7 -3327.17 -3850.17 -4095.43 -4095.51 -3850.42 -3327.65 -2451.51 -1075.53 1073.01 2448.49 3323.57 3844.64 4087.19 4083.52 3833.26 3303.37 2417.46 1028.1 -1138.75 -2539.27 -3448.62 -4016.58 -4323.4 -4408.02 -4279.61 -3919.28 -3272.73 -2229.49 -582.247 
808.195 1253.63 1519.2 1669.68 1731.65 1714.5 1615.87 1420.59 1091.57 537.065 -516.165 -1068.47 -1392.86 -1580.6 -1667.93 -1668.67 -1582.9 -1396.93 -1074.7 -525.164 524.43 1074.07 1396.51 1582.82 1669.1 1669.07 1582.74 1396.36 1073.83 524.084 -525.664 -1075.41 -1397.93 -1584.29 -1670.6 -1670.6 -1584.27 -1397.9 -1075.38 -525.622 524.133 1073.89 1396.41 1582.79 1669.11 1669.12 1582.81 1396.45 1073.94 524.208 -525.527 -1075.26 -1397.76 -1584.11 -1670.4 -1670.38 -1584.03 -1397.64 -1075.08 -525.298 524.49 1074.28 1396.85 1583.26 1669.63 1669.69 1583.42 1397.12 1074.66 524.967 -524.723 -1074.42 -1396.88 -1583.21 -1669.49 -1669.47 -1583.16 -1396.82 -1074.38 -524.761 524.781 1074.22 1396.29 1582.01 1667.43 1666.19 1578.14 1389.41 1063.64 509.443 -546.387 -1104.45 -1438.33 -1640.25 -1747.9 -1777.27 -1731.67 -1602.57 -1362.77 -939.209 -104.245 
-808.335 -1253.91 -1519.61 -1670.23 -1732.32 -1715.28 -1616.77 -1421.58 -1092.65 -538.234 514.922 1067.16 1391.49 1579.18 1666.47 1667.17 1581.37 1395.37 1073.13 523.574 -526.031 -1075.68 -1398.12 -1584.43 -1670.7 -1670.67 -1584.33 -1397.94 -1075.4 -525.64 524.121 1073.88 1396.41 1582.78 1669.1 1669.1 1582.78 1396.41 1073.89 524.133 -525.622 -1075.38 -1397.9 -1584.27 -1670.59 -1670.59 -1584.27 -1397.9 -1075.38 -525.622 524.136 1073.9 1396.43 1582.81 1669.14 1669.15 1582.85 1396.5 1074 524.278 -525.445 -1075.16 -1397.65 -1583.98 -1670.25 -1670.21 -1583.83 -1397.41 -1074.83 -525.007 524.817 1074.65 1397.25 1583.72 1670.15 1670.27 1584.09 1397.89 1075.58 526.079 -523.349 -1072.68 -1394.66 -1580.3 -1665.65 -1664.35 -1576.27 -1387.52 -1061.75 -507.581 548.205 1106.2 1439.99 1641.8 1749.31 1778.52 1732.75 1603.45 1363.44 939.666 104.475 
-1787.62 -2941.33 -3673.51 -4098.65 -4275.4 -4226.55 -3946.07 -3397.49 -2502.36 -1112.27 1046.93 2430.68 3312.48 3839.38 4087.45 4089.53 3845.82 3323.93 2448.26 1072.37 -1076.45 -2452.62 -3328.88 -3851.71 -4096.81 -4096.73 -3851.43 -3328.39 -2451.87 -1075.36 1073.91 2450.4 3326.89 3849.89 4095.12 4095.12 3849.88 3326.87 2450.38 1073.89 -1075.38 -2451.87 -3328.36 -3851.38 -4096.61 -4096.62 -3851.4 -3328.41 -2451.93 -1075.45 1073.8 2450.28 3326.76 3849.77 4095 4095 3849.78 3326.79 2450.32 1073.85 -1075.38 -2451.84 -3328.3 -3851.27 -4096.46 -4096.42 -3851.15 -3328.09 -2451.54 -1074.99 1074.35 2450.93 3327.54 3850.68 4096.09 4096.31 3851.36 3328.72 2452.71 1076.85 -1071.57 -2446.94 -3321.93 -3842.91 -4085.39 -4081.67 -3831.37 -3301.46 -2415.55 -1026.22 1140.59 2541.05 3450.3 4018.15 4324.83 4409.29 4280.71 3920.18 3273.42 2229.95 582.481 
-2400.83 -4050.28 -5134.45 -5775.48 -6044.08 -5969.42 -5543.5 -4719.93 -3407.04 -1455.41 1354.38 3296.16 4588.39 5378.39 5754.42 5757.67 5388.46 4606.27 3323.61 1394.09 -1399.53 -3329.48 -4613.05 -5396.72 -5768.12 -5767.98 -5396.3 -4612.3 -3328.32 -1397.84 1396.47 3326.93 4610.86 5394.79 5766.37 5766.36 5394.76 4610.82 3326.88 1396.41 -1397.9 -3328.36 -4612.31 -5396.26 -5767.87 -5767.88 -5396.31 -4612.4 -3328.49 -1398.05 1396.23 3326.66 4610.58 5394.5 5766.08 5766.08 5394.49 4610.56 3326.63 1396.19 -1398.1 -3328.53 -4612.44 -5396.35 -5767.91 -5767.87 -5396.24 -4612.26 -3328.27 -1397.75 1396.64 3327.2 4611.27 5395.39 5767.21 5767.51 5396.33 4612.92 3329.7 1400.19 -1392.85 -3321.59 -4603.21 -5384.01 -5751.35 -5745.56 -5366.08 -4571.39 -3272.79 -1322.32 1499.32 3467.1 4802.03 5655.66 6122.57 6253.1 6060.6 5523.15 4580.1 3124.25 995.493 
-2765.43 -4724.49 -6038.52 -6824.74 -7156.03 -7063.57 -6538.57 -5531.69 -3950.45 -1656.71 1529.83 3811.2 5366.51 6331.37 6794.17 6798.27 6344.07 5389.07 3845.82 1579.91 -1586.27 -3852.73 -5397.13 -6354 -6810.96 -6810.79 -6353.47 -5396.19 -3851.28 -1584.16 1582.89 3849.98 5394.84 6352.03 6809.21 6809.2 6351.98 5394.77 3849.89 1582.79 -1584.27 -3851.38 -5396.26 -6353.48 -6810.71 -6810.73 -6353.56 -5396.39 -3851.56 -1584.5 1582.5 3849.56 5394.4 6351.57 6808.75 6808.74 6351.53 5394.32 3849.46 1582.37 -1584.66 -3851.74 -5396.58 -6353.77 -6810.95 -6810.92 -6353.69 -5396.45 -3851.53 -1584.38 1582.75 3849.96 5394.97 6352.38 6809.85 6810.21 6353.5 5396.95 3852.96 1587.05 -1578.41 -3843.36 -5385.32 -6338.58 -6790.42 -6783.13 -6315.99 -5345.24 -3781.9 -1489.58 1711.9 4026 5635.05 6679.88 7256.7 7419.95 7185.45 6531.72 5399.57 3691.47 1275.24 
-2936.39 -5043.75 -6470.39 -7328.94 -7691.72 -7590.25 -7015.53 -5917.83 -4206.34 -1750.83 1610.46 4052.29 5735.11 6786.4 7292.62 7297.16 6800.49 5760.12 4090.68 1665.99 -1672.73 -4098.03 -5768.74 -6811.18 -7310.92 -7310.74 -6810.61 -5767.72 -4096.44 -1670.42 1669.27 4095.27 5766.48 6809.27 7309.26 7309.23 6809.21 5766.38 4095.13 1669.11 -1670.59 -4096.61 -5767.87 -6810.71 -7310.74 -7310.78 -6810.81 -5768.04 -4096.86 -1670.91 1668.73 4094.69 5765.87 6808.65 7308.62 7308.59 6808.57 5765.74 4094.51 1668.5 -1671.18 -4097.17 -5768.39 -6811.19 -7311.19 -7311.17 -6811.14 -5768.3 -4097.03 -1670.98 1668.79 4094.9 5766.28 6809.31 7309.6 7309.99 6810.52 5768.42 4098.15 1673.45 -1664.48 -4088.11 -5756.12 -6794.57 -7288.63 -7280.55 -6769.53 -5711.69 -4019.97 -1566 1811.86 4289.96 6032.29 7172.11 7804.39 7984.56 7729.52 7018.7 5794.99 3966.8 1414 
-2936.38 -5043.73 -6470.36 -7328.89 -7691.67 -7590.19 -7015.46 -5917.75 -4206.25 -1750.74 1610.56 4052.4 5735.21 6786.51 7292.73 7297.28 6800.61 5760.24 4090.81 1666.11 -1672.61 -4097.91 -5768.63 -6811.07 -7310.82 -7310.64 -6810.51 -5767.62 -4096.36 -1670.34 1669.35 4095.33 5766.54 6809.33 7309.3 7309.27 6809.24 5766.4 4095.15 1669.12 -1670.59 -4096.62 -5767.88 -6810.73 -7310.78 -7310.82 -6810.87 -5768.11 -4096.94 -1670.99 1668.64 4094.58 5765.76 6808.52 7308.48 7308.45 6808.41 5765.57 4094.33 1668.31 -1671.38 -4097.39 -5768.62 -6811.43 -7311.43 -7311.43 -6811.42 -5768.59 -4097.33 -1671.28 1668.47 4094.58 5765.95 6808.97 7309.25 7309.64 6810.16 5768.05 4097.78 1673.08 -1664.86 -4088.48 -5756.49 -6794.94 -7289 -7280.9 -6769.87 -5712.03 -4020.29 -1566.31 1811.57 4289.69 6032.04 7171.88 7804.18 7984.38 7729.37 7018.58 5794.9 3966.74 1413.97 
-2765.4 -4724.43 -6038.42 -6824.61 -7155.87 -7063.38 -6538.36 -5531.45 -3950.18 -1656.43 1530.13 3811.52 5366.84 6331.71 6794.52 6798.62 6344.43 5389.43 3846.18 1580.27 -1585.91 -3852.38 -5396.79 -6353.66 -6810.64 -6810.48 -6353.18 -5395.91 -3851.02 -1583.92 1583.11 3850.19 5395.02 6352.19 6809.35 6809.32 6352.08 5394.84 3849.94 1582.81 -1584.27 -3851.4 -5396.31 -6353.56 -6810.81 -6810.87 -6353.73 -5396.58 -3851.78 -1584.76 1582.22 3849.25 5394.05 6351.2 6808.34 6808.3 6351.05 5393.81 3848.92 1581.8 -1585.27 -3852.38 -5397.26 -6354.48 -6811.69 -6811.7 -6354.5 -5397.29 -3852.41 -1585.29 1581.81 3848.99 5393.97 6351.35 6808.8 6809.15 6352.42 5395.85 3851.85 1585.93 -1579.53 -3844.48 -5386.43 -6339.68 -6791.51 -6784.2 -6317.03 -5346.25 -3782.86 -1490.5 1711.03 4025.18 5634.29 6679.19 7256.08 7419.42 7185 6531.35 5399.29 3691.28 1275.15 
