-0.000330352 -0.000660703 -0.000991053 -0.0013214 -0.00165172 -0.00198202 -0.00231225 -0.00264238 -0.00297237 -0.00330216 -0.00363166 -0.00396078 -0.00428941 -0.00461741 -0.00494463 -0.00527089 -0.00559599 -0.00591969 -0.00624175 -0.00656186 -0.00687973 -0.00719499 -0.0075073 -0.00781622 -0.00812134 -0.00842219 -0.00871827 -0.00900906 -0.00929402 -0.00957257 -0.00984411 -0.010108 -0.0103637 -0.0106105 -0.0108477 -0.0110748 -0.011291 -0.0114956 -0.0116882 -0.0118679 -0.0120343 -0.0121868 -0.0123247 -0.0124477 -0.0125553 -0.0126471 -0.0127226 -0.0127817 -0.012824 -0.0128495 -0.012858 -0.0128495 -0.012824 -0.0127817 -0.0127226 -0.0126471 -0.0125553 -0.0124478 -0.0123248 -0.0121868 -0.0120343 -0.0118679 -0.0116882 -0.0114956 -0.011291 -0.0110748 -0.0108478 -0.0106105 -0.0103637 -0.0101081 -0.00984413 -0.00957259 -0.00929404 -0.00900909 -0.0087183 -0.00842222 -0.00812137 -0.00781625 -0.00750732 -0.00719502 -0.00687975 -0.00656189 -0.00624177 -0.00591972 -0.00559602 -0.00527092 -0.00494466 -0.00461743 -0.00428943 -0.0039608 -0.00363168 -0.00330218 -0.00297239 -0.0026424 -0.00231226 -0.00198203 -0.00165173 -0.00132141 -0.00099106 -0.000660708 -0.000330354 
-0.000660703 -0.00132141 -0.00198211 -0.00264281 -0.00330348 -0.00396409 -0.00462459 -0.00528491 -0.00594496 -0.0066046 -0.0072637 -0.00792205 -0.00857945 -0.00923561 -0.00989023 -0.010543 -0.0111934 -0.011841 -0.0124854 -0.013126 -0.013762 -0.014393 -0.015018 -0.0156363 -0.016247 -0.0168492 -0.0174418 -0.018024 -0.0185945 -0.0191521 -0.0196958 -0.0202243 -0.0207363 -0.0212305 -0.0217057 -0.0221604 -0.0225934 -0.0230034 -0.0233891 -0.0237492 -0.0240826 -0.024388 -0.0246645 -0.0249109 -0.0251265 -0.0253103 -0.0254617 -0.0255801 -0.025665 -0.025716 -0.0257331 -0.025716 -0.025665 -0.0255801 -0.0254617 -0.0253103 -0.0251265 -0.024911 -0.0246645 -0.024388 -0.0240826 -0.0237492 -0.0233891 -0.0230034 -0.0225934 -0.0221604 -0.0217057 -0.0212306 -0.0207364 -0.0202244 -0.0196959 -0.0191522 -0.0185945 -0.018024 -0.0174419 -0.0168492 -0.016247 -0.0156363 -0.015018 -0.014393 -0.0137621 -0.013126 -0.0124855 -0.0118411 -0.0111934 -0.010543 -0.00989028 -0.00923565 -0.00857949 -0.00792209 -0.00726374 -0.00660464 -0.00594499 -0.00528494 -0.00462462 -0.00396412 -0.0033035 -0.00264283 -0.00198213 -0.00132142 -0.000660708 
-0.000991053 -0.00198211 -0.00297318 -0.00396425 -0.0049553 -0.00594628 -0.00693712 -0.00792772 -0.00891794 -0.0099076 -0.0108965 -0.0118843 -0.0128707 -0.0138553 -0.0148377 -0.0158173 -0.0167935 -0.0177657 -0.018733 -0.0196946 -0.0206495 -0.0215968 -0.0225354 -0.0234639 -0.0243811 -0.0252856 -0.026176 -0.0270505 -0.0279077 -0.0287457 -0.0295628 -0.0303571 -0.0311267 -0.0318697 -0.032584 -0.0332678 -0.0339189 -0.0345355 -0.0351156 -0.0356573 -0.0361587 -0.0366183 -0.0370342 -0.037405 -0.0377294 -0.038006 -0.0382338 -0.038412 -0.0385397 -0.0386166 -0.0386422 -0.0386166 -0.0385397 -0.038412 -0.0382338 -0.038006 -0.0377294 -0.0374051 -0.0370342 -0.0366183 -0.0361588 -0.0356573 -0.0351156 -0.0345355 -0.033919 -0.0332678 -0.0325841 -0.0318697 -0.0311268 -0.0303572 -0.0295629 -0.0287458 -0.0279078 -0.0270506 -0.026176 -0.0252857 -0.0243812 -0.023464 -0.0225354 -0.0215969 -0.0206496 -0.0196946 -0.018733 -0.0177657 -0.0167936 -0.0158174 -0.0148378 -0.0138554 -0.0128708 -0.0118844 -0.0108965 -0.00990765 -0.00891799 -0.00792776 -0.00693716 -0.00594631 -0.00495533 -0.00396428 -0.0029732 -0.00198213 -0.00099106 
-0.0013214 -0.00264281 -0.00396425 -0.00528572 -0.00660719 -0.00792861 -0.00924989 -0.0105709 -0.0118915 -0.0132114 -0.0145303 -0.0158479 -0.0171638 -0.0184773 -0.019788 -0.0210951 -0.0223978 -0.0236951 -0.0249862 -0.0262698 -0.0275447 -0.0288095 -0.0300628 -0.0313028 -0.032528 -0.0337363 -0.0349258 -0.0360945 -0.0372401 -0.0383602 -0.0394526 -0.0405146 -0.0415437 -0.0425374 -0.043493 -0.0444077 -0.045279 -0.0461041 -0.0468805 -0.0476055 -0.0482769 -0.0488921 -0.0494491 -0.0499456 -0.05038 -0.0507505 -0.0510556 -0.0512942 -0.0514654 -0.0515683 -0.0516027 -0.0515683 -0.0514654 -0.0512943 -0.0510557 -0.0507505 -0.05038 -0.0499457 -0.0494491 -0.0488922 -0.0482769 -0.0476056 -0.0468805 -0.0461042 -0.045279 -0.0444078 -0.0434931 -0.0425375 -0.0415438 -0.0405147 -0.0394527 -0.0383603 -0.0372402 -0.0360946 -0.0349259 -0.0337364 -0.0325281 -0.0313029 -0.0300629 -0.0288096 -0.0275448 -0.0262699 -0.0249863 -0.0236952 -0.0223979 -0.0210952 -0.0197881 -0.0184774 -0.0171639 -0.015848 -0.0145304 -0.0132115 -0.0118915 -0.010571 -0.00924994 -0.00792866 -0.00660723 -0.00528575 -0.00396428 -0.00264283 -0.00132141 
-0.00165172 -0.00330348 -0.0049553 -0.00660719 -0.00825913 -0.00991108 -0.0115629 -0.0132145 -0.0148657 -0.0165161 -0.0181655 -0.0198133 -0.0214591 -0.0231022 -0.0247419 -0.0263772 -0.0280073 -0.0296309 -0.0312469 -0.0328537 -0.0344499 -0.0360338 -0.0376034 -0.0391567 -0.0406916 -0.0422057 -0.0436966 -0.0451616 -0.0465979 -0.0480026 -0.0493726 -0.0507049 -0.0519963 -0.0532433 -0.0544428 -0.0555912 -0.0566852 -0.0577215 -0.0586967 -0.0596076 -0.0604511 -0.0612243 -0.0619243 -0.0625485 -0.0630945 -0.0635603 -0.063944 -0.064244 -0.0644592 -0.0645887 -0.0646319 -0.0645887 -0.0644592 -0.0642441 -0.063944 -0.0635603 -0.0630946 -0.0625485 -0.0619243 -0.0612243 -0.0604512 -0.0596077 -0.0586967 -0.0577215 -0.0566853 -0.0555913 -0.0544429 -0.0532434 -0.0519964 -0.0507051 -0.0493727 -0.0480027 -0.046598 -0.0451617 -0.0436967 -0.0422059 -0.0406917 -0.0391568 -0.0376035 -0.0360339 -0.0344501 -0.0328539 -0.031247 -0.0296311 -0.0280074 -0.0263774 -0.024742 -0.0231023 -0.0214592 -0.0198134 -0.0181656 -0.0165162 -0.0148658 -0.0132146 -0.011563 -0.00991114 -0.00825918 -0.00660723 -0.00495533 -0.0033035 -0.00165173 
-0.00198202 -0.00396409 -0.00594628 -0.00792861 -0.00991108 -0.0118936 -0.0138762 -0.0158586 -0.0178406 -0.019822 -0.0218022 -0.0237808 -0.0257572 -0.0277306 -0.0297001 -0.0316647 -0.0336233 -0.0355744 -0.0375167 -0.0394483 -0.0413675 -0.0432722 -0.0451602 -0.047029 -0.0488761 -0.0506985 -0.0524933 -0.0542574 -0.0559873 -0.0576795 -0.0593305 -0.0609363 -0.0624931 -0.0639969 -0.0654436 -0.066829 -0.0681492 -0.0693999 -0.0705772 -0.0716771 -0.0726958 -0.0736296 -0.0744753 -0.0752295 -0.0758893 -0.0764522 -0.076916 -0.0772787 -0.0775388 -0.0776953 -0.0777476 -0.0776953 -0.0775388 -0.0772787 -0.076916 -0.0764523 -0.0758894 -0.0752295 -0.0744753 -0.0736297 -0.0726958 -0.0716771 -0.0705773 -0.0694 -0.0681493 -0.0668291 -0.0654437 -0.063997 -0.0624932 -0.0609364 -0.0593306 -0.0576797 -0.0559874 -0.0542575 -0.0524935 -0.0506986 -0.0488762 -0.0470292 -0.0451604 -0.0432724 -0.0413677 -0.0394485 -0.0375168 -0.0355746 -0.0336234 -0.0316649 -0.0297002 -0.0277307 -0.0257573 -0.0237809 -0.0218023 -0.0198221 -0.0178407 -0.0158587 -0.0138763 -0.0118937 -0.00991114 -0.00792866 -0.00594632 -0.00396412 -0.00198203 
-0.00231225 -0.00462459 -0.00693712 -0.00924989 -0.0115629 -0.0138762 -0.0161896 -0.0185031 -0.0208163 -0.0231289 -0.0254405 -0.0277505 -0.0300582 -0.0323628 -0.0346632 -0.0369583 -0.0392467 -0.0415268 -0.0437971 -0.0460554 -0.0482997 -0.0505275 -0.0527363 -0.0549232 -0.0570851 -0.0592188 -0.0613208 -0.0633873 -0.0654143 -0.0673978 -0.0693335 -0.0712167 -0.073043 -0.0748075 -0.0765056 -0.0781322 -0.0796826 -0.0811518 -0.0825351 -0.0838277 -0.0850252 -0.0861233 -0.0871177 -0.0880048 -0.0887811 -0.0894434 -0.0899891 -0.0904159 -0.090722 -0.0909063 -0.0909678 -0.0909063 -0.0907221 -0.0904159 -0.0899891 -0.0894434 -0.0887811 -0.0880049 -0.0871178 -0.0861234 -0.0850253 -0.0838278 -0.0825352 -0.0811519 -0.0796827 -0.0781323 -0.0765057 -0.0748077 -0.0730431 -0.0712169 -0.0693336 -0.067398 -0.0654145 -0.0633874 -0.061321 -0.059219 -0.0570853 -0.0549233 -0.0527364 -0.0505277 -0.0482998 -0.0460556 -0.0437973 -0.041527 -0.0392468 -0.0369584 -0.0346633 -0.0323629 -0.0300584 -0.0277507 -0.0254407 -0.023129 -0.0208164 -0.0185032 -0.0161897 -0.0138763 -0.011563 -0.00924995 -0.00693716 -0.00462462 -0.00231226 
-0.00264238 -0.00528491 -0.00792772 -0.0105709 -0.0132145 -0.0158586 -0.0185031 -0.0211478 -0.0237925 -0.0264369 -0.0290804 -0.0317225 -0.0343624 -0.0369992 -0.0396316 -0.0422585 -0.0448783 -0.0474892 -0.0500894 -0.0526765 -0.0552482 -0.0578018 -0.0603342 -0.0628422 -0.0653224 -0.0677709 -0.0701838 -0.0725566 -0.074885 -0.077164 -0.0793888 -0.0815541 -0.0836546 -0.0856848 -0.087639 -0.0895117 -0.0912971 -0.0929896 -0.0945836 -0.0960736 -0.0974542 -0.0987205 -0.0998676 -0.100891 -0.101787 -0.102551 -0.103181 -0.103674 -0.104027 -0.10424 -0.104311 -0.10424 -0.104027 -0.103674 -0.103181 -0.102551 -0.101787 -0.100891 -0.0998677 -0.0987206 -0.0974543 -0.0960737 -0.0945837 -0.0929898 -0.0912973 -0.0895119 -0.0876392 -0.0856849 -0.0836548 -0.0815543 -0.079389 -0.0771642 -0.0748852 -0.0725568 -0.070184 -0.0677711 -0.0653226 -0.0628424 -0.0603344 -0.057802 -0.0552484 -0.0526767 -0.0500896 -0.0474894 -0.0448785 -0.0422587 -0.0396318 -0.0369993 -0.0343626 -0.0317227 -0.0290806 -0.026437 -0.0237927 -0.0211479 -0.0185032 -0.0158587 -0.0132146 -0.010571 -0.00792777 -0.00528495 -0.0026424 
-0.00297237 -0.00594496 -0.00891794 -0.0118915 -0.0148657 -0.0178406 -0.0208163 -0.0237925 -0.0267691 -0.0297457 -0.0327218 -0.0356968 -0.0386698 -0.0416398 -0.0446056 -0.0475658 -0.0505187 -0.0534624 -0.0563947 -0.0593131 -0.062215 -0.0650972 -0.0679565 -0.0707892 -0.0735914 -0.0763587 -0.0790868 -0.0817705 -0.0844049 -0.0869845 -0.0895037 -0.0919564 -0.0943365 -0.0966379 -0.0988541 -0.100978 -0.103005 -0.104926 -0.106736 -0.108429 -0.109998 -0.111437 -0.112741 -0.113905 -0.114924 -0.115794 -0.11651 -0.117071 -0.117473 -0.117715 -0.117796 -0.117715 -0.117473 -0.117071 -0.11651 -0.115794 -0.114924 -0.113905 -0.112741 -0.111437 -0.109998 -0.108429 -0.106736 -0.104926 -0.103005 -0.100979 -0.0988542 -0.0966381 -0.0943367 -0.0919566 -0.0895039 -0.0869848 -0.0844052 -0.0817708 -0.079087 -0.076359 -0.0735916 -0.0707894 -0.0679567 -0.0650975 -0.0622152 -0.0593134 -0.0563949 -0.0534626 -0.050519 -0.0475661 -0.0446058 -0.04164 -0.03867 -0.035697 -0.032722 -0.0297459 -0.0267693 -0.0237927 -0.0208164 -0.0178408 -0.0148658 -0.0118916 -0.00891799 -0.00594499 -0.00297239 
-0.00330216 -0.0066046 -0.0099076 -0.0132114 -0.0165161 -0.019822 -0.0231289 -0.0264369 -0.0297457 -0.033055 -0.0363644 -0.039673 -0.0429801 -0.0462847 -0.0495853 -0.0528805 -0.0561684 -0.059447 -0.0627139 -0.0659664 -0.0692014 -0.0724156 -0.0756054 -0.0787667 -0.0818952 -0.0849859 -0.088034 -0.0910338 -0.0939797 -0.0968656 -0.0996849 -0.102431 -0.105097 -0.107676 -0.110161 -0.112544 -0.114817 -0.116974 -0.119006 -0.120908 -0.122671 -0.124288 -0.125755 -0.127064 -0.12821 -0.129189 -0.129995 -0.130627 -0.131079 -0.131352 -0.131443 -0.131352 -0.131079 -0.130627 -0.129995 -0.129189 -0.12821 -0.127064 -0.125755 -0.124289 -0.122671 -0.120908 -0.119006 -0.116974 -0.114817 -0.112544 -0.110161 -0.107677 -0.105098 -0.102431 -0.0996852 -0.0968658 -0.09398 -0.0910341 -0.0880342 -0.0849862 -0.0818954 -0.078767 -0.0756057 -0.0724159 -0.0692016 -0.0659666 -0.0627141 -0.0594473 -0.0561687 -0.0528807 -0.0495855 -0.0462849 -0.0429803 -0.0396732 -0.0363645 -0.0330552 -0.0297459 -0.0264371 -0.0231291 -0.0198221 -0.0165162 -0.0132115 -0.00990766 -0.00660464 -0.00330218 
-0.00363166 -0.0072637 -0.0108965 -0.0145303 -0.0181655 -0.0218022 -0.0254405 -0.0290804 -0.0327218 -0.0363644 -0.0400076 -0.0436508 -0.0472931 -0.0509334 -0.0545704 -0.0582024 -0.0618275 -0.0654434 -0.0690475 -0.072637 -0.0762086 -0.0797585 -0.0832829 -0.0867772 -0.0902366 -0.0936559 -0.0970294 -0.100351 -0.103615 -0.106813 -0.109939 -0.112986 -0.115945 -0.118809 -0.12157 -0.124218 -0.126746 -0.129145 -0.131408 -0.133525 -0.135489 -0.137291 -0.138926 -0.140386 -0.141664 -0.142756 -0.143656 -0.144361 -0.144866 -0.14517 -0.145272 -0.14517 -0.144866 -0.144361 -0.143656 -0.142756 -0.141664 -0.140386 -0.138926 -0.137292 -0.135489 -0.133525 -0.131408 -0.129146 -0.126746 -0.124218 -0.12157 -0.118809 -0.115946 -0.112986 -0.10994 -0.106813 -0.103615 -0.100351 -0.0970297 -0.0936562 -0.0902369 -0.0867775 -0.0832832 -0.0797588 -0.0762088 -0.0726373 -0.0690478 -0.0654436 -0.0618277 -0.0582027 -0.0545707 -0.0509337 -0.0472933 -0.043651 -0.0400078 -0.0363645 -0.032722 -0.0290806 -0.0254407 -0.0218023 -0.0181656 -0.0145304 -0.0108965 -0.00726374 -0.00363168 
-0.00396078 -0.00792205 -0.0118843 -0.0158479 -0.0198133 -0.0237808 -0.0277505 -0.0317225 -0.0356968 -0.039673 -0.0436508 -0.0476294 -0.0516081 -0.0555856 -0.0595606 -0.0635313 -0.0674957 -0.0714515 -0.0753958 -0.0793256 -0.0832373 -0.0871271 -0.0909904 -0.0948225 -0.0986182 -0.102372 -0.106077 -0.109727 -0.113315 -0.116833 -0.120273 -0.123628 -0.126889 -0.130046 -0.13309 -0.136013 -0.138804 -0.141454 -0.143955 -0.146295 -0.148468 -0.150463 -0.152272 -0.153889 -0.155305 -0.156515 -0.157513 -0.158293 -0.158854 -0.159191 -0.159304 -0.159191 -0.158854 -0.158293 -0.157513 -0.156515 -0.155305 -0.153889 -0.152273 -0.150463 -0.148468 -0.146296 -0.143955 -0.141455 -0.138804 -0.136013 -0.13309 -0.130046 -0.126889 -0.123629 -0.120274 -0.116833 -0.113315 -0.109727 -0.106077 -0.102372 -0.0986185 -0.0948228 -0.0909907 -0.0871274 -0.0832376 -0.0793259 -0.0753961 -0.0714518 -0.067496 -0.0635316 -0.0595608 -0.0555858 -0.0516083 -0.0476297 -0.043651 -0.0396732 -0.035697 -0.0317227 -0.0277507 -0.0237809 -0.0198135 -0.015848 -0.0118844 -0.0079221 -0.00396081 
-0.00428941 -0.00857945 -0.0128707 -0.0171638 -0.0214591 -0.0257572 -0.0300582 -0.0343624 -0.0386698 -0.0429801 -0.0472931 -0.0516081 -0.0559242 -0.0602403 -0.064555 -0.0688665 -0.0731726 -0.077471 -0.0817587 -0.0860323 -0.0902882 -0.094522 -0.0987292 -0.102904 -0.107042 -0.111136 -0.115179 -0.119164 -0.123084 -0.12693 -0.130693 -0.134365 -0.137935 -0.141395 -0.144733 -0.147939 -0.151003 -0.153913 -0.156661 -0.159234 -0.161624 -0.163819 -0.165812 -0.167592 -0.169153 -0.170486 -0.171586 -0.172447 -0.173065 -0.173437 -0.173561 -0.173437 -0.173065 -0.172447 -0.171586 -0.170486 -0.169153 -0.167592 -0.165812 -0.16382 -0.161624 -0.159235 -0.156661 -0.153914 -0.151003 -0.147939 -0.144733 -0.141395 -0.137936 -0.134365 -0.130694 -0.12693 -0.123084 -0.119165 -0.115179 -0.111136 -0.107042 -0.102905 -0.0987295 -0.0945223 -0.0902885 -0.0860326 -0.081759 -0.0774713 -0.0731729 -0.0688668 -0.0645553 -0.0602406 -0.0559244 -0.0516083 -0.0472933 -0.0429804 -0.03867 -0.0343626 -0.0300584 -0.0257573 -0.0214593 -0.0171639 -0.0128708 -0.0085795 -0.00428944 
-0.00461741 -0.00923561 -0.0138553 -0.0184773 -0.0231022 -0.0277306 -0.0323628 -0.0369992 -0.0416398 -0.0462847 -0.0509334 -0.0555856 -0.0602403 -0.0648964 -0.0695526 -0.074207 -0.0788574 -0.0835013 -0.0881356 -0.0927568 -0.097361 -0.101944 -0.1065 -0.111024 -0.11551 -0.119951 -0.124339 -0.128668 -0.132928 -0.13711 -0.141205 -0.145203 -0.149093 -0.152865 -0.156507 -0.160007 -0.163354 -0.166536 -0.169541 -0.172358 -0.174974 -0.177379 -0.179563 -0.181516 -0.183227 -0.18469 -0.185898 -0.186843 -0.187522 -0.18793 -0.188067 -0.18793 -0.187522 -0.186843 -0.185898 -0.184691 -0.183228 -0.181516 -0.179563 -0.17738 -0.174974 -0.172358 -0.169541 -0.166536 -0.163354 -0.160007 -0.156507 -0.152865 -0.149094 -0.145203 -0.141205 -0.13711 -0.132928 -0.128668 -0.12434 -0.119951 -0.11551 -0.111024 -0.1065 -0.101944 -0.0973614 -0.0927571 -0.0881359 -0.0835016 -0.0788577 -0.0742073 -0.0695529 -0.0648967 -0.0602406 -0.0555859 -0.0509337 -0.0462849 -0.04164 -0.0369994 -0.032363 -0.0277307 -0.0231024 -0.0184775 -0.0138554 -0.00923567 -0.00461744 
-0.00494463 -0.00989023 -0.0148377 -0.019788 -0.0247419 -0.0297001 -0.0346632 -0.0396316 -0.0446056 -0.0495853 -0.0545704 -0.0595606 -0.064555 -0.0695526 -0.074552 -0.0795515 -0.0845487 -0.0895411 -0.0945255 -0.0994983 -0.104455 -0.109392 -0.114303 -0.119182 -0.124022 -0.128818 -0.133559 -0.13824 -0.142849 -0.147377 -0.151814 -0.156149 -0.16037 -0.164466 -0.168423 -0.172229 -0.175871 -0.179336 -0.18261 -0.185681 -0.188535 -0.191161 -0.193546 -0.19568 -0.197551 -0.199151 -0.200472 -0.201506 -0.202249 -0.202696 -0.202846 -0.202696 -0.202249 -0.201506 -0.200472 -0.199151 -0.197551 -0.19568 -0.193546 -0.191161 -0.188536 -0.185681 -0.18261 -0.179336 -0.175871 -0.172229 -0.168423 -0.164466 -0.16037 -0.156149 -0.151814 -0.147377 -0.142849 -0.13824 -0.13356 -0.128818 -0.124023 -0.119182 -0.114303 -0.109392 -0.104456 -0.0994987 -0.0945259 -0.0895415 -0.0845491 -0.0795518 -0.0745524 -0.0695529 -0.0645553 -0.0595609 -0.0545707 -0.0495856 -0.0446059 -0.0396318 -0.0346634 -0.0297003 -0.024742 -0.0197881 -0.0148378 -0.00989029 -0.00494467 
-0.00527089 -0.010543 -0.0158173 -0.0210951 -0.0263772 -0.0316647 -0.0369583 -0.0422585 -0.0475658 -0.0528805 -0.0582024 -0.0635313 -0.0688665 -0.074207 -0.0795515 -0.0848982 -0.0902449 -0.095589 -0.100927 -0.106256 -0.11157 -0.116866 -0.122137 -0.127378 -0.132581 -0.137738 -0.142842 -0.147882 -0.152851 -0.157735 -0.162525 -0.167209 -0.171773 -0.176204 -0.18049 -0.184615 -0.188565 -0.192326 -0.195882 -0.19922 -0.202325 -0.205183 -0.207781 -0.210106 -0.212146 -0.213891 -0.215332 -0.216461 -0.217272 -0.21776 -0.217923 -0.21776 -0.217272 -0.216461 -0.215332 -0.213891 -0.212146 -0.210106 -0.207781 -0.205184 -0.202326 -0.199221 -0.195883 -0.192326 -0.188565 -0.184615 -0.18049 -0.176205 -0.171773 -0.167209 -0.162526 -0.157736 -0.152851 -0.147883 -0.142842 -0.137738 -0.132581 -0.127378 -0.122138 -0.116866 -0.111571 -0.106256 -0.100928 -0.0955893 -0.0902453 -0.0848986 -0.0795518 -0.0742073 -0.0688668 -0.0635316 -0.0582027 -0.0528808 -0.0475661 -0.0422587 -0.0369585 -0.0316649 -0.0263774 -0.0210952 -0.0158174 -0.010543 -0.00527093 
-0.00559599 -0.0111934 -0.0167935 -0.0223978 -0.0280073 -0.0336233 -0.0392467 -0.0448783 -0.0505187 -0.0561684 -0.0618275 -0.0674957 -0.0731726 -0.0788574 -0.0845487 -0.0902449 -0.0959438 -0.101643 -0.107338 -0.113027 -0.118704 -0.124365 -0.130003 -0.135612 -0.141184 -0.146712 -0.152187 -0.157598 -0.162936 -0.168188 -0.173343 -0.178388 -0.183308 -0.188089 -0.192717 -0.197175 -0.201448 -0.20552 -0.209374 -0.212993 -0.216363 -0.219466 -0.222289 -0.224816 -0.227036 -0.228935 -0.230504 -0.231733 -0.232617 -0.233149 -0.233327 -0.233149 -0.232617 -0.231734 -0.230504 -0.228935 -0.227036 -0.224816 -0.222289 -0.219466 -0.216363 -0.212993 -0.209374 -0.20552 -0.201449 -0.197175 -0.192717 -0.188089 -0.183308 -0.178388 -0.173343 -0.168189 -0.162936 -0.157599 -0.152187 -0.146713 -0.141185 -0.135612 -0.130003 -0.124365 -0.118705 -0.113027 -0.107339 -0.101643 -0.0959442 -0.0902453 -0.0845491 -0.0788578 -0.073173 -0.067496 -0.0618278 -0.0561687 -0.050519 -0.0448785 -0.0392469 -0.0336235 -0.0280075 -0.0223979 -0.0167936 -0.0111934 -0.00559603 
-0.00591969 -0.011841 -0.0177657 -0.0236951 -0.0296309 -0.0355744 -0.0415268 -0.0474892 -0.0534624 -0.059447 -0.0654434 -0.0714515 -0.077471 -0.0835013 -0.0895411 -0.095589 -0.101643 -0.1077 -0.113757 -0.11981 -0.125855 -0.131886 -0.137897 -0.143882 -0.149832 -0.15574 -0.161595 -0.167388 -0.173106 -0.178739 -0.184272 -0.189691 -0.194981 -0.200128 -0.205113 -0.209921 -0.214533 -0.218932 -0.223099 -0.227016 -0.230666 -0.23403 -0.237091 -0.239835 -0.242245 -0.244309 -0.246015 -0.247353 -0.248314 -0.248893 -0.249086 -0.248893 -0.248314 -0.247353 -0.246015 -0.24431 -0.242246 -0.239835 -0.237092 -0.23403 -0.230666 -0.227016 -0.223099 -0.218932 -0.214534 -0.209921 -0.205114 -0.200128 -0.194982 -0.189691 -0.184272 -0.178739 -0.173107 -0.167388 -0.161596 -0.15574 -0.149833 -0.143882 -0.137897 -0.131886 -0.125855 -0.11981 -0.113757 -0.1077 -0.101643 -0.0955894 -0.0895415 -0.0835016 -0.0774714 -0.0714518 -0.0654437 -0.0594473 -0.0534627 -0.0474895 -0.0415271 -0.0355746 -0.0296311 -0.0236953 -0.0177658 -0.0118411 -0.00591973 
-0.00624175 -0.0124854 -0.018733 -0.0249862 -0.0312469 -0.0375167 -0.0437971 -0.0500894 -0.0563947 -0.0627139 -0.0690475 -0.0753958 -0.0817587 -0.0881356 -0.0945255 -0.100927 -0.107338 -0.113757 -0.120179 -0.126601 -0.133019 -0.139427 -0.145818 -0.152186 -0.158523 -0.16482 -0.171066 -0.177251 -0.183363 -0.189389 -0.195314 -0.201123 -0.2068 -0.212327 -0.217688 -0.222863 -0.227832 -0.232576 -0.237074 -0.241307 -0.245254 -0.248896 -0.252212 -0.255187 -0.257802 -0.260042 -0.261895 -0.263348 -0.264392 -0.265022 -0.265232 -0.265022 -0.264392 -0.263348 -0.261895 -0.260043 -0.257802 -0.255187 -0.252213 -0.248896 -0.245254 -0.241307 -0.237075 -0.232576 -0.227832 -0.222863 -0.217688 -0.212328 -0.2068 -0.201123 -0.195314 -0.189389 -0.183364 -0.177252 -0.171067 -0.16482 -0.158524 -0.152187 -0.145819 -0.139427 -0.133019 -0.126602 -0.120179 -0.113757 -0.107339 -0.100928 -0.0945259 -0.088136 -0.081759 -0.0753962 -0.0690479 -0.0627142 -0.056395 -0.0500897 -0.0437973 -0.0375169 -0.0312471 -0.0249863 -0.0187331 -0.0124855 -0.00624178 
-0.00656186 -0.013126 -0.0196946 -0.0262698 -0.0328537 -0.0394483 -0.0460554 -0.0526765 -0.0593131 -0.0659664 -0.072637 -0.0793256 -0.0860323 -0.0927568 -0.0994983 -0.106256 -0.113027 -0.11981 -0.126601 -0.133397 -0.140193 -0.146984 -0.153762 -0.160522 -0.167254 -0.17395 -0.180599 -0.187188 -0.193707 -0.200139 -0.206471 -0.212686 -0.218767 -0.224694 -0.230449 -0.23601 -0.241356 -0.246465 -0.251315 -0.255884 -0.260148 -0.264086 -0.267676 -0.270898 -0.273733 -0.276163 -0.278174 -0.279752 -0.280886 -0.28157 -0.281799 -0.28157 -0.280886 -0.279752 -0.278174 -0.276164 -0.273733 -0.270898 -0.267676 -0.264086 -0.260148 -0.255884 -0.251316 -0.246465 -0.241356 -0.23601 -0.230449 -0.224695 -0.218767 -0.212687 -0.206472 -0.20014 -0.193707 -0.187189 -0.180599 -0.173951 -0.167255 -0.160523 -0.153763 -0.146984 -0.140194 -0.133398 -0.126602 -0.11981 -0.113027 -0.106256 -0.0994988 -0.0927572 -0.0860327 -0.079326 -0.0726374 -0.0659667 -0.0593135 -0.0526768 -0.0460557 -0.0394486 -0.0328539 -0.0262699 -0.0196947 -0.0131261 -0.0065619 
-0.00687973 -0.013762 -0.0206495 -0.0275447 -0.0344499 -0.0413675 -0.0482997 -0.0552482 -0.062215 -0.0692014 -0.0762086 -0.0832373 -0.0902882 -0.097361 -0.104455 -0.11157 -0.118704 -0.125855 -0.133019 -0.140193 -0.147373 -0.154552 -0.161726 -0.168885 -0.176022 -0.183128 -0.19019 -0.197197 -0.204136 -0.210991 -0.217746 -0.224385 -0.230887 -0.237234 -0.243403 -0.249371 -0.255116 -0.260614 -0.265838 -0.270765 -0.275368 -0.279624 -0.283508 -0.286997 -0.290069 -0.292704 -0.294886 -0.296599 -0.297831 -0.298574 -0.298822 -0.298574 -0.297831 -0.296599 -0.294886 -0.292704 -0.290069 -0.286997 -0.283508 -0.279625 -0.275369 -0.270765 -0.265838 -0.260614 -0.255117 -0.249372 -0.243403 -0.237234 -0.230888 -0.224385 -0.217747 -0.210991 -0.204136 -0.197197 -0.19019 -0.183128 -0.176023 -0.168886 -0.161726 -0.154553 -0.147373 -0.140194 -0.133019 -0.125855 -0.118705 -0.111571 -0.104456 -0.0973614 -0.0902886 -0.0832377 -0.0762089 -0.0692017 -0.0622153 -0.0552485 -0.0482999 -0.0413678 -0.0344501 -0.0275449 -0.0206497 -0.0137621 -0.00687977 
-0.00719499 -0.014393 -0.0215968 -0.0288095 -0.0360338 -0.0432722 -0.0505275 -0.0578018 -0.0650972 -0.0724156 -0.0797585 -0.0871271 -0.094522 -0.101944 -0.109392 -0.116866 -0.124365 -0.131886 -0.139427 -0.146984 -0.154552 -0.162128 -0.169703 -0.177271 -0.184823 -0.192348 -0.199836 -0.207274 -0.214648 -0.221942 -0.229139 -0.236219 -0.243164 -0.249951 -0.256557 -0.262957 -0.269125 -0.275035 -0.280659 -0.285969 -0.290937 -0.295535 -0.299735 -0.303512 -0.306841 -0.309699 -0.312067 -0.313927 -0.315265 -0.316073 -0.316342 -0.316073 -0.315265 -0.313927 -0.312067 -0.309699 -0.306841 -0.303512 -0.299735 -0.295535 -0.290937 -0.285969 -0.280659 -0.275035 -0.269125 -0.262957 -0.256557 -0.249952 -0.243165 -0.23622 -0.229139 -0.221942 -0.214648 -0.207275 -0.199837 -0.192349 -0.184823 -0.177271 -0.169704 -0.162128 -0.154553 -0.146984 -0.139427 -0.131886 -0.124365 -0.116866 -0.109392 -0.101944 -0.0945224 -0.0871275 -0.0797589 -0.072416 -0.0650976 -0.0578021 -0.0505278 -0.0432725 -0.036034 -0.0288097 -0.021597 -0.014393 -0.00719504 
-0.0075073 -0.015018 -0.0225354 -0.0300628 -0.0376034 -0.0451602 -0.0527363 -0.0603342 -0.0679565 -0.0756054 -0.0832829 -0.0909904 -0.0987292 -0.1065 -0.114303 -0.122137 -0.130003 -0.137897 -0.145818 -0.153762 -0.161726 -0.169703 -0.177688 -0.185673 -0.193649 -0.201606 -0.209533 -0.217416 -0.22524 -0.23299 -0.240647 -0.24819 -0.255599 -0.26285 -0.269917 -0.276774 -0.283392 -0.289742 -0.295794 -0.301515 -0.306875 -0.311842 -0.316386 -0.320475 -0.324084 -0.327185 -0.329755 -0.331776 -0.333231 -0.334109 -0.334402 -0.334109 -0.333231 -0.331776 -0.329755 -0.327185 -0.324084 -0.320476 -0.316386 -0.311843 -0.306876 -0.301516 -0.295794 -0.289743 -0.283392 -0.276774 -0.269917 -0.26285 -0.2556 -0.248191 -0.240647 -0.23299 -0.225241 -0.217416 -0.209533 -0.201607 -0.193649 -0.185673 -0.177688 -0.169704 -0.161726 -0.153763 -0.145819 -0.137898 -0.130003 -0.122138 -0.114303 -0.1065 -0.0987296 -0.0909908 -0.0832833 -0.0756058 -0.0679569 -0.0603345 -0.0527365 -0.0451605 -0.0376036 -0.0300629 -0.0225355 -0.0150181 -0.00750734 
-0.00781622 -0.0156363 -0.0234639 -0.0313028 -0.0391567 -0.047029 -0.0549232 -0.0628422 -0.0707892 -0.0787667 -0.0867772 -0.0948225 -0.102904 -0.111024 -0.119182 -0.127378 -0.135612 -0.143882 -0.152186 -0.160522 -0.168885 -0.177271 -0.185673 -0.194083 -0.202494 -0.210894 -0.219273 -0.227616 -0.235907 -0.244131 -0.252268 -0.260296 -0.268192 -0.275932 -0.283487 -0.290829 -0.297927 -0.304748 -0.311258 -0.317423 -0.323207 -0.328574 -0.33349 -0.337921 -0.341834 -0.3452 -0.347994 -0.350191 -0.351774 -0.352729 -0.353049 -0.352729 -0.351774 -0.350191 -0.347994 -0.345201 -0.341834 -0.337921 -0.33349 -0.328574 -0.323207 -0.317423 -0.311259 -0.304749 -0.297928 -0.29083 -0.283488 -0.275932 -0.268193 -0.260296 -0.252268 -0.244132 -0.235908 -0.227616 -0.219273 -0.210895 -0.202495 -0.194084 -0.185673 -0.177271 -0.168886 -0.160523 -0.152187 -0.143882 -0.135612 -0.127378 -0.119182 -0.111024 -0.102905 -0.094823 -0.0867776 -0.0787671 -0.0707896 -0.0628426 -0.0549234 -0.0470293 -0.0391569 -0.031303 -0.023464 -0.0156364 -0.00781627 
-0.00812134 -0.016247 -0.0243811 -0.032528 -0.0406916 -0.0488761 -0.0570851 -0.0653224 -0.0735914 -0.0818952 -0.0902366 -0.0986182 -0.107042 -0.11551 -0.124022 -0.132581 -0.141184 -0.149832 -0.158523 -0.167254 -0.176022 -0.184823 -0.193649 -0.202494 -0.21135 -0.220205 -0.229049 -0.237866 -0.246643 -0.25536 -0.263997 -0.272533 -0.280942 -0.289198 -0.297271 -0.305129 -0.312739 -0.320065 -0.327069 -0.333712 -0.339955 -0.345757 -0.351079 -0.355883 -0.360131 -0.36379 -0.366828 -0.36922 -0.370945 -0.371986 -0.372334 -0.371986 -0.370945 -0.36922 -0.366828 -0.36379 -0.360131 -0.355883 -0.35108 -0.345757 -0.339955 -0.333712 -0.327069 -0.320065 -0.31274 -0.30513 -0.297271 -0.289199 -0.280943 -0.272533 -0.263998 -0.25536 -0.246643 -0.237867 -0.229049 -0.220206 -0.21135 -0.202495 -0.193649 -0.184823 -0.176023 -0.167255 -0.158524 -0.149833 -0.141185 -0.132581 -0.124023 -0.11551 -0.107042 -0.0986186 -0.090237 -0.0818956 -0.0735917 -0.0653227 -0.0570854 -0.0488763 -0.0406918 -0.0325281 -0.0243812 -0.0162471 -0.00812139 
-0.00842219 -0.0168492 -0.0252856 -0.0337363 -0.0422057 -0.0506985 -0.0592188 -0.0677709 -0.0763587 -0.0849859 -0.0936559 -0.102372 -0.111136 -0.119951 -0.128818 -0.137738 -0.146712 -0.15574 -0.16482 -0.17395 -0.183128 -0.192348 -0.201606 -0.210894 -0.220205 -0.229528 -0.23885 -0.248159 -0.257438 -0.266668 -0.275828 -0.284897 -0.293846 -0.302647 -0.311269 -0.319678 -0.327836 -0.335704 -0.34324 -0.350401 -0.357143 -0.36342 -0.369187 -0.374401 -0.379018 -0.382999 -0.386309 -0.388918 -0.390799 -0.391936 -0.392316 -0.391936 -0.390799 -0.388918 -0.386309 -0.382999 -0.379018 -0.374401 -0.369188 -0.36342 -0.357143 -0.350402 -0.34324 -0.335704 -0.327836 -0.319678 -0.31127 -0.302648 -0.293846 -0.284897 -0.275829 -0.266668 -0.257438 -0.248159 -0.238851 -0.229528 -0.220206 -0.210895 -0.201607 -0.192349 -0.183128 -0.173951 -0.16482 -0.15574 -0.146713 -0.137739 -0.128818 -0.119951 -0.111136 -0.102372 -0.0936563 -0.0849863 -0.0763591 -0.0677713 -0.0592191 -0.0506988 -0.042206 -0.0337365 -0.0252858 -0.0168493 -0.00842224 
-0.00871827 -0.0174418 -0.026176 -0.0349258 -0.0436966 -0.0524933 -0.0613208 -0.0701838 -0.0790868 -0.088034 -0.0970294 -0.106077 -0.115179 -0.124339 -0.133559 -0.142842 -0.152187 -0.161595 -0.171066 -0.180599 -0.19019 -0.199836 -0.209533 -0.219273 -0.229049 -0.23885 -0.248666 -0.258481 -0.268281 -0.278045 -0.287753 -0.297379 -0.306897 -0.316276 -0.325482 -0.334477 -0.343222 -0.351674 -0.359786 -0.36751 -0.374796 -0.381593 -0.38785 -0.393515 -0.39854 -0.40288 -0.406492 -0.409341 -0.411398 -0.412642 -0.413058 -0.412642 -0.411399 -0.409342 -0.406492 -0.40288 -0.39854 -0.393515 -0.38785 -0.381594 -0.374797 -0.367511 -0.359786 -0.351674 -0.343223 -0.334478 -0.325482 -0.316276 -0.306898 -0.29738 -0.287753 -0.278046 -0.268281 -0.258482 -0.248666 -0.238851 -0.229049 -0.219273 -0.209533 -0.199837 -0.19019 -0.180599 -0.171067 -0.161596 -0.152187 -0.142842 -0.13356 -0.12434 -0.115179 -0.106077 -0.0970299 -0.0880344 -0.0790871 -0.0701841 -0.0613211 -0.0524936 -0.0436969 -0.034926 -0.0261761 -0.0174419 -0.00871832 
-0.00900906 -0.018024 -0.0270505 -0.0360945 -0.0451616 -0.0542574 -0.0633873 -0.0725566 -0.0817705 -0.0910338 -0.100351 -0.109727 -0.119164 -0.128668 -0.13824 -0.147882 -0.157598 -0.167388 -0.177251 -0.187188 -0.197197 -0.207274 -0.217416 -0.227616 -0.237866 -0.248159 -0.258481 -0.26882 -0.279159 -0.289479 -0.299758 -0.30997 -0.320088 -0.330077 -0.339904 -0.349527 -0.358903 -0.367984 -0.37672 -0.385057 -0.392939 -0.400307 -0.407103 -0.413269 -0.418748 -0.423487 -0.427438 -0.430558 -0.432812 -0.434175 -0.434631 -0.434175 -0.432812 -0.430558 -0.427438 -0.423488 -0.418749 -0.413269 -0.407104 -0.400307 -0.392939 -0.385057 -0.37672 -0.367984 -0.358903 -0.349527 -0.339904 -0.330078 -0.320088 -0.309971 -0.299759 -0.28948 -0.27916 -0.268821 -0.258482 -0.24816 -0.237867 -0.227616 -0.217416 -0.207275 -0.197198 -0.187189 -0.177252 -0.167388 -0.157599 -0.147883 -0.13824 -0.128668 -0.119165 -0.109727 -0.100352 -0.0910343 -0.0817709 -0.072557 -0.0633876 -0.0542576 -0.0451618 -0.0360947 -0.0270507 -0.0180241 -0.00900912 
-0.00929402 -0.0185945 -0.0279077 -0.0372401 -0.0465979 -0.0559873 -0.0654143 -0.074885 -0.0844049 -0.0939797 -0.103615 -0.113315 -0.123084 -0.132928 -0.142849 -0.152851 -0.162936 -0.173106 -0.183363 -0.193707 -0.204136 -0.214648 -0.22524 -0.235907 -0.246643 -0.257438 -0.268281 -0.279159 -0.290057 -0.300954 -0.31183 -0.322657 -0.333406 -0.344043 -0.35453 -0.364824 -0.374877 -0.384639 -0.394053 -0.40306 -0.411595 -0.419593 -0.426987 -0.43371 -0.439697 -0.444884 -0.449215 -0.452639 -0.455117 -0.456615 -0.457117 -0.456615 -0.455117 -0.45264 -0.449215 -0.444884 -0.439697 -0.43371 -0.426987 -0.419593 -0.411595 -0.40306 -0.394054 -0.38464 -0.374878 -0.364824 -0.35453 -0.344043 -0.333406 -0.322657 -0.31183 -0.300955 -0.290057 -0.27916 -0.268281 -0.257438 -0.246643 -0.235908 -0.225241 -0.214649 -0.204136 -0.193707 -0.183364 -0.173107 -0.162936 -0.152851 -0.142849 -0.132928 -0.123085 -0.113315 -0.103615 -0.0939802 -0.0844054 -0.0748854 -0.0654147 -0.0559876 -0.0465981 -0.0372403 -0.0279078 -0.0185946 -0.00929407 
-0.00957257 -0.0191521 -0.0287457 -0.0383602 -0.0480026 -0.0576795 -0.0673978 -0.077164 -0.0869845 -0.0968656 -0.106813 -0.116833 -0.12693 -0.13711 -0.147377 -0.157735 -0.168188 -0.178739 -0.189389 -0.200139 -0.210991 -0.221942 -0.23299 -0.244131 -0.25536 -0.266668 -0.278045 -0.289479 -0.300954 -0.312452 -0.32395 -0.335421 -0.346836 -0.358158 -0.369348 -0.380361 -0.391144 -0.401643 -0.411795 -0.421533 -0.430787 -0.439483 -0.447542 -0.454888 -0.461444 -0.467137 -0.471898 -0.475669 -0.478399 -0.480053 -0.480607 -0.480053 -0.478399 -0.475669 -0.471898 -0.467137 -0.461444 -0.454888 -0.447542 -0.439483 -0.430788 -0.421534 -0.411795 -0.401643 -0.391145 -0.380361 -0.369349 -0.358159 -0.346836 -0.335422 -0.32395 -0.312453 -0.300955 -0.28948 -0.278046 -0.266668 -0.25536 -0.244132 -0.232991 -0.221942 -0.210991 -0.20014 -0.189389 -0.178739 -0.168189 -0.157736 -0.147378 -0.13711 -0.126931 -0.116833 -0.106814 -0.096866 -0.086985 -0.0771644 -0.0673982 -0.0576798 -0.0480028 -0.0383604 -0.0287459 -0.0191523 -0.00957262 
-0.00984411 -0.0196958 -0.0295628 -0.0394526 -0.0493726 -0.0593305 -0.0693335 -0.0793888 -0.0895037 -0.0996849 -0.109939 -0.120273 -0.130693 -0.141205 -0.151814 -0.162525 -0.173343 -0.184272 -0.195314 -0.206471 -0.217746 -0.229139 -0.240647 -0.252268 -0.263997 -0.275828 -0.287753 -0.299758 -0.31183 -0.32395 -0.336096 -0.348243 -0.360358 -0.372406 -0.384345 -0.396126 -0.407696 -0.418993 -0.429949 -0.440491 -0.450539 -0.460008 -0.468811 -0.476856 -0.484055 -0.490321 -0.495572 -0.499738 -0.502759 -0.504591 -0.505204 -0.504591 -0.502759 -0.499738 -0.495572 -0.490321 -0.484055 -0.476857 -0.468811 -0.460009 -0.45054 -0.440492 -0.429949 -0.418993 -0.407696 -0.396127 -0.384345 -0.372407 -0.360359 -0.348243 -0.336097 -0.32395 -0.31183 -0.299759 -0.287753 -0.275829 -0.263998 -0.252268 -0.240647 -0.229139 -0.217747 -0.206472 -0.195314 -0.184272 -0.173344 -0.162526 -0.151815 -0.141206 -0.130694 -0.120274 -0.10994 -0.0996854 -0.0895041 -0.0793892 -0.0693338 -0.0593308 -0.0493729 -0.0394528 -0.029563 -0.019696 -0.00984417 
-0.010108 -0.0202243 -0.0303571 -0.0405146 -0.0507049 -0.0609363 -0.0712167 -0.0815541 -0.0919564 -0.102431 -0.112986 -0.123628 -0.134365 -0.145203 -0.156149 -0.167209 -0.178388 -0.189691 -0.201123 -0.212686 -0.224385 -0.236219 -0.24819 -0.260296 -0.272533 -0.284897 -0.297379 -0.30997 -0.322657 -0.335421 -0.348243 -0.361095 -0.373948 -0.386763 -0.399499 -0.412104 -0.424521 -0.436683 -0.448518 -0.459943 -0.47087 -0.481201 -0.490837 -0.499671 -0.507599 -0.514519 -0.520332 -0.524953 -0.528309 -0.530346 -0.531028 -0.530346 -0.528309 -0.524953 -0.520332 -0.514519 -0.5076 -0.499671 -0.490837 -0.481202 -0.47087 -0.459944 -0.448518 -0.436684 -0.424521 -0.412104 -0.399499 -0.386764 -0.373948 -0.361096 -0.348243 -0.335422 -0.322657 -0.309971 -0.29738 -0.284897 -0.272534 -0.260296 -0.248191 -0.23622 -0.224386 -0.212687 -0.201123 -0.189691 -0.178388 -0.167209 -0.15615 -0.145204 -0.134366 -0.123629 -0.112987 -0.102432 -0.0919568 -0.0815545 -0.0712171 -0.0609366 -0.0507052 -0.0405148 -0.0303573 -0.0202244 -0.0101081 
-0.0103637 -0.0207363 -0.0311267 -0.0415437 -0.0519963 -0.0624931 -0.073043 -0.0836546 -0.0943365 -0.105097 -0.115945 -0.126889 -0.137935 -0.149093 -0.16037 -0.171773 -0.183308 -0.194981 -0.2068 -0.218767 -0.230887 -0.243164 -0.255599 -0.268192 -0.280942 -0.293846 -0.306897 -0.320088 -0.333406 -0.346836 -0.360358 -0.373948 -0.387574 -0.401201 -0.414784 -0.42827 -0.441599 -0.454702 -0.467497 -0.479894 -0.491795 -0.50309 -0.513663 -0.523392 -0.532153 -0.539822 -0.546284 -0.551433 -0.555179 -0.557455 -0.558218 -0.557455 -0.555179 -0.551433 -0.546284 -0.539823 -0.532153 -0.523392 -0.513664 -0.503091 -0.491796 -0.479895 -0.467497 -0.454702 -0.4416 -0.42827 -0.414784 -0.401202 -0.387575 -0.373948 -0.360359 -0.346836 -0.333406 -0.320088 -0.306898 -0.293846 -0.280943 -0.268193 -0.2556 -0.243165 -0.230888 -0.218768 -0.2068 -0.194982 -0.183308 -0.171773 -0.160371 -0.149094 -0.137936 -0.126889 -0.115946 -0.105098 -0.094337 -0.083655 -0.0730434 -0.0624934 -0.0519966 -0.041544 -0.0311269 -0.0207364 -0.0103638 
-0.0106105 -0.0212305 -0.0318697 -0.0425374 -0.0532433 -0.0639969 -0.0748075 -0.0856848 -0.0966379 -0.107676 -0.118809 -0.130046 -0.141395 -0.152865 -0.164466 -0.176204 -0.188089 -0.200128 -0.212327 -0.224694 -0.237234 -0.249951 -0.26285 -0.275932 -0.289198 -0.302647 -0.316276 -0.330077 -0.344043 -0.358158 -0.372406 -0.386763 -0.401201 -0.415683 -0.430164 -0.444593 -0.458905 -0.473027 -0.486872 -0.500343 -0.513327 -0.525702 -0.537334 -0.548082 -0.557797 -0.566334 -0.57355 -0.579315 -0.583519 -0.586077 -0.586935 -0.586077 -0.583519 -0.579315 -0.57355 -0.566334 -0.557798 -0.548082 -0.537334 -0.525702 -0.513327 -0.500343 -0.486873 -0.473028 -0.458906 -0.444594 -0.430165 -0.415683 -0.401202 -0.386764 -0.372407 -0.358159 -0.344043 -0.330078 -0.316277 -0.302648 -0.289199 -0.275932 -0.26285 -0.249952 -0.237235 -0.224695 -0.212328 -0.200129 -0.18809 -0.176205 -0.164466 -0.152866 -0.141395 -0.130046 -0.11881 -0.107677 -0.0966384 -0.0856852 -0.0748079 -0.0639972 -0.0532436 -0.0425377 -0.0318698 -0.0212307 -0.0106106 
-0.0108477 -0.0217057 -0.032584 -0.043493 -0.0544428 -0.0654436 -0.0765056 -0.087639 -0.0988541 -0.110161 -0.12157 -0.13309 -0.144733 -0.156507 -0.168423 -0.18049 -0.192717 -0.205113 -0.217688 -0.230449 -0.243403 -0.256557 -0.269917 -0.283487 -0.297271 -0.311269 -0.325482 -0.339904 -0.35453 -0.369348 -0.384345 -0.399499 -0.414784 -0.430164 -0.445598 -0.461032 -0.476402 -0.491629 -0.506623 -0.521277 -0.535467 -0.549056 -0.56189 -0.573803 -0.584621 -0.594167 -0.602266 -0.608758 -0.613504 -0.616398 -0.61737 -0.616398 -0.613504 -0.608758 -0.602266 -0.594167 -0.584621 -0.573803 -0.56189 -0.549056 -0.535467 -0.521277 -0.506624 -0.49163 -0.476403 -0.461033 -0.445599 -0.430165 -0.414784 -0.3995 -0.384346 -0.369349 -0.35453 -0.339905 -0.325482 -0.31127 -0.297272 -0.283488 -0.269918 -0.256558 -0.243403 -0.230449 -0.217689 -0.205114 -0.192717 -0.18049 -0.168423 -0.156508 -0.144733 -0.133091 -0.12157 -0.110161 -0.0988545 -0.0876395 -0.076506 -0.0654439 -0.054443 -0.0434932 -0.0325842 -0.0217058 -0.0108478 
-0.0110748 -0.0221604 -0.0332678 -0.0444077 -0.0555912 -0.066829 -0.0781322 -0.0895117 -0.100978 -0.112544 -0.124218 -0.136013 -0.147939 -0.160007 -0.172229 -0.184615 -0.197175 -0.209921 -0.222863 -0.23601 -0.249371 -0.262957 -0.276774 -0.290829 -0.305129 -0.319678 -0.334477 -0.349527 -0.364824 -0.380361 -0.396126 -0.412104 -0.42827 -0.444593 -0.461032 -0.477537 -0.494041 -0.510465 -0.526715 -0.542674 -0.558209 -0.573165 -0.587366 -0.600619 -0.612718 -0.623446 -0.632589 -0.639947 -0.645343 -0.64864 -0.649749 -0.64864 -0.645343 -0.639947 -0.632589 -0.623446 -0.612718 -0.60062 -0.587366 -0.573165 -0.55821 -0.542675 -0.526715 -0.510466 -0.494041 -0.477537 -0.461033 -0.444594 -0.428271 -0.412105 -0.396127 -0.380361 -0.364824 -0.349527 -0.334478 -0.319679 -0.30513 -0.29083 -0.276774 -0.262957 -0.249372 -0.23601 -0.222863 -0.209922 -0.197176 -0.184615 -0.172229 -0.160008 -0.147939 -0.136013 -0.124218 -0.112544 -0.100979 -0.0895121 -0.0781326 -0.0668294 -0.0555915 -0.044408 -0.0332679 -0.0221605 -0.0110748 
-0.011291 -0.0225934 -0.0339189 -0.045279 -0.0566852 -0.0681492 -0.0796826 -0.0912971 -0.103005 -0.114817 -0.126746 -0.138804 -0.151003 -0.163354 -0.175871 -0.188565 -0.201448 -0.214533 -0.227832 -0.241356 -0.255116 -0.269125 -0.283392 -0.297927 -0.312739 -0.327836 -0.343222 -0.358903 -0.374877 -0.391144 -0.407696 -0.424521 -0.441599 -0.458905 -0.476402 -0.494041 -0.511759 -0.529477 -0.547096 -0.564496 -0.581531 -0.598028 -0.61379 -0.628591 -0.642185 -0.654309 -0.664699 -0.673098 -0.679282 -0.683069 -0.684345 -0.683069 -0.679282 -0.673099 -0.664699 -0.654309 -0.642185 -0.628591 -0.61379 -0.598029 -0.581531 -0.564497 -0.547097 -0.529478 -0.511759 -0.494041 -0.476403 -0.458906 -0.4416 -0.424521 -0.407697 -0.391145 -0.374878 -0.358903 -0.343223 -0.327837 -0.31274 -0.297928 -0.283393 -0.269126 -0.255117 -0.241356 -0.227833 -0.214534 -0.201449 -0.188566 -0.175872 -0.163355 -0.151003 -0.138804 -0.126747 -0.114818 -0.103005 -0.0912976 -0.079683 -0.0681495 -0.0566855 -0.0452792 -0.0339191 -0.0225935 -0.011291 
-0.0114956 -0.0230034 -0.0345355 -0.0461041 -0.0577215 -0.0693999 -0.0811518 -0.0929896 -0.104926 -0.116974 -0.129145 -0.141454 -0.153913 -0.166536 -0.179336 -0.192326 -0.20552 -0.218932 -0.232576 -0.246465 -0.260614 -0.275035 -0.289742 -0.304748 -0.320065 -0.335704 -0.351674 -0.367984 -0.384639 -0.401643 -0.418993 -0.436683 -0.454702 -0.473027 -0.491629 -0.510465 -0.529477 -0.548587 -0.567698 -0.586683 -0.605389 -0.623628 -0.641175 -0.65777 -0.673121 -0.686907 -0.698798 -0.708466 -0.715617 -0.720011 -0.721494 -0.720011 -0.715617 -0.708466 -0.698798 -0.686907 -0.673121 -0.65777 -0.641175 -0.623628 -0.60539 -0.586684 -0.567698 -0.548588 -0.529478 -0.510466 -0.49163 -0.473028 -0.454702 -0.436684 -0.418993 -0.401643 -0.38464 -0.367985 -0.351675 -0.335704 -0.320066 -0.304749 -0.289743 -0.275036 -0.260614 -0.246466 -0.232577 -0.218933 -0.205521 -0.192326 -0.179336 -0.166537 -0.153914 -0.141455 -0.129146 -0.116974 -0.104927 -0.0929901 -0.0811522 -0.0694002 -0.0577217 -0.0461043 -0.0345357 -0.0230035 -0.0114957 
