-1.34822 -2.69642 -4.04461 -5.39278 -6.74094 -8.08908 -9.4372 -10.7853 -12.1333 -13.4813 -14.8292 -16.1769 -17.5246 -18.872 -20.2193 -21.5662 -22.9129 -24.2591 -25.6049 -26.9502 -28.2948 -29.6387 -30.9818 -32.3239 -33.6649 -35.0047 -36.3432 -37.6801 -39.0153 -40.3486 -41.6799 -43.0088 -44.3352 -45.6589 -46.9795 -48.2968 -49.6105 -50.9204 -52.226 -53.5272 -54.8235 -56.1145 -57.3999 -58.6794 -59.9524 -61.2186 -62.4776 -63.7288 -64.9718 -66.2061 -67.4312 -68.6466 -69.8518 -71.0462 -72.2293 -73.4004 -74.5591 -75.7046 -76.8365 -77.954 -79.0566 -80.1436 -81.2143 -82.2682 -83.3045 -84.3226 -85.3219 -86.3016 -87.261 -88.1996 -89.1166 -90.0114 -90.8833 -91.7316 -92.5557 -93.3549 -94.1286 -94.8762 -95.597 -96.2905 -96.9561 -97.5931 -98.2011 -98.7795 -99.3277 -99.8454 -100.332 -100.787 -101.21 -101.601 -101.959 -102.284 -102.575 -102.833 -103.058 -103.248 -103.403 -103.524 -103.611 -103.663 -103.681 -103.663 -103.611 -103.524 -103.403 -103.248 -103.058 -102.833 -102.575 -102.284 -101.959 -101.601 -101.21 -100.787 -100.332 -99.8454 -99.3277 -98.7795 -98.2011 -97.5931 -96.9561 -96.2905 -95.597 -94.8762 -94.1286 -93.3549 -92.5557 -91.7316 -90.8833 -90.0114 -89.1166 -88.1996 -87.261 -86.3016 -85.3219 -84.3226 -83.3045 -82.2682 -81.2143 -80.1436 -79.0566 -77.954 -76.8365 -75.7046 -74.5591 -73.4004 -72.2293 -71.0462 -69.8518 -68.6466 -67.4312 -66.2061 -64.9718 -63.7288 -62.4776 -61.2186 -59.9524 -58.6794 -57.3999 -56.1145 -54.8235 -53.5272 -52.226 -50.9204 -49.6105 -48.2968 -46.9795 -45.6589 -44.3352 -43.0088 -41.6799 -40.3486 -39.0153 -37.6801 -36.3432 -35.0047 -33.6649 -32.3239 -30.9818 -29.6387 -28.2948 -26.9502 -25.6049 -24.2591 -22.9129 -21.5662 -20.2193 -18.872 -17.5246 -16.1769 -14.8292 -13.4813 -12.1333 -10.7853 -9.4372 -8.08908 -6.74094 -5.39278 -4.04461 -2.69642 -1.34822 
-2.69642 -5.39281 -8.08918 -10.7855 -13.4818 -16.1781 -18.8744 -21.5705 -24.2666 -26.9626 -29.6583 -32.3539 -35.0492 -37.7441 -40.4386 -43.1326 -45.8259 -48.5185 -51.2101 -53.9006 -56.59 -59.2778 -61.964 -64.6483 -67.3305 -70.0102 -72.6872 -75.3612 -78.0318 -80.6985 -83.3612 -86.0192 -88.6721 -91.3196 -93.9609 -96.5958 -99.2234 -101.843 -104.455 -107.057 -109.65 -112.232 -114.804 -117.363 -119.909 -122.442 -124.96 -127.462 -129.949 -132.418 -134.868 -137.299 -139.71 -142.099 -144.465 -146.808 -149.126 -151.417 -153.681 -155.916 -158.122 -160.296 -162.438 -164.546 -166.619 -168.655 -170.654 -172.614 -174.533 -176.41 -178.244 -180.034 -181.778 -183.475 -185.124 -186.722 -188.27 -189.765 -191.207 -192.594 -193.926 -195.2 -196.416 -197.573 -198.67 -199.705 -200.678 -201.589 -202.435 -203.216 -203.933 -204.583 -205.166 -205.682 -206.13 -206.51 -206.822 -207.064 -207.238 -207.342 -207.377 -207.342 -207.238 -207.064 -206.822 -206.51 -206.13 -205.682 -205.166 -204.583 -203.933 -203.216 -202.435 -201.589 -200.678 -199.705 -198.67 -197.573 -196.416 -195.2 -193.926 -192.594 -191.207 -189.765 -188.27 -186.722 -185.124 -183.475 -181.778 -180.034 -178.244 -176.41 -174.533 -172.614 -170.654 -168.655 -166.619 -164.546 -162.438 -160.296 -158.122 -155.916 -153.681 -151.417 -149.126 -146.808 -144.465 -142.099 -139.71 -137.299 -134.868 -132.418 -129.949 -127.462 -124.96 -122.442 -119.909 -117.363 -114.804 -112.232 -109.65 -107.057 -104.455 -101.843 -99.2234 -96.5958 -93.9609 -91.3196 -88.6721 -86.0192 -83.3612 -80.6985 -78.0318 -75.3612 -72.6872 -70.0102 -67.3305 -64.6483 -61.964 -59.2778 -56.59 -53.9006 -51.2101 -48.5185 -45.8259 -43.1326 -40.4386 -37.7441 -35.0492 -32.3539 -29.6583 -26.9626 -24.2666 -21.5705 -18.8744 -16.1781 -13.4818 -10.7855 -8.08918 -5.39281 -2.69642 
-4.04461 -8.08918 -12.1337 -16.1782 -20.2227 -24.2671 -28.3115 -32.3558 -36.3999 -40.4439 -44.4876 -48.531 -52.574 -56.6165 -60.6583 -64.6993 -68.7394 -72.7784 -76.816 -80.852 -84.8862 -88.9182 -92.9477 -96.9744 -100.998 -105.018 -109.034 -113.045 -117.051 -121.052 -125.046 -129.033 -133.013 -136.985 -140.948 -144.9 -148.842 -152.773 -156.691 -160.595 -164.485 -168.359 -172.216 -176.056 -179.876 -183.676 -187.454 -191.209 -194.939 -198.643 -202.32 -205.967 -209.584 -213.169 -216.719 -220.234 -223.712 -227.15 -230.547 -233.901 -237.21 -240.472 -243.686 -246.849 -249.959 -253.015 -256.014 -258.955 -261.835 -264.652 -267.404 -270.09 -272.707 -275.253 -277.727 -280.126 -282.448 -284.692 -286.856 -288.937 -290.935 -292.847 -294.672 -296.408 -298.054 -299.608 -301.068 -302.434 -303.704 -304.877 -305.952 -306.927 -307.803 -308.577 -309.25 -309.82 -310.288 -310.651 -310.912 -311.068 -311.12 -311.068 -310.912 -310.651 -310.288 -309.82 -309.25 -308.577 -307.803 -306.927 -305.952 -304.877 -303.704 -302.434 -301.068 -299.608 -298.054 -296.408 -294.672 -292.847 -290.935 -288.937 -286.856 -284.692 -282.448 -280.126 -277.727 -275.253 -272.707 -270.09 -267.404 -264.652 -261.835 -258.955 -256.014 -253.015 -249.959 -246.849 -243.686 -240.472 -237.21 -233.901 -230.547 -227.15 -223.712 -220.234 -216.719 -213.169 -209.584 -205.967 -202.32 -198.643 -194.939 -191.209 -187.454 -183.676 -179.876 -176.056 -172.216 -168.359 -164.485 -160.595 -156.691 -152.773 -148.842 -144.9 -140.948 -136.985 -133.013 -129.033 -125.046 -121.052 -117.051 -113.045 -109.034 -105.018 -100.998 -96.9744 -92.9477 -88.9182 -84.8862 -80.852 -76.816 -72.7784 -68.7394 -64.6993 -60.6583 -56.6165 -52.574 -48.531 -44.4876 -40.4439 -36.3999 -32.3558 -28.3115 -24.2671 -20.2227 -16.1782 -12.1337 -8.08918 -4.04461 
-5.39278 -10.7855 -16.1782 -21.5709 -26.9635 -32.3561 -37.7486 -43.141 -48.5332 -53.9253 -59.317 -64.7083 -70.0991 -75.4892 -80.8785 -86.2668 -91.6538 -97.0394 -102.423 -107.805 -113.184 -118.56 -123.934 -129.303 -134.668 -140.029 -145.384 -150.733 -156.075 -161.41 -166.737 -172.054 -177.361 -182.658 -187.942 -193.214 -198.471 -203.713 -208.938 -214.145 -219.333 -224.5 -229.644 -234.765 -239.86 -244.928 -249.967 -254.975 -259.951 -264.891 -269.795 -274.661 -279.485 -284.267 -289.003 -293.691 -298.33 -302.916 -307.447 -311.921 -316.336 -320.688 -324.975 -329.195 -333.344 -337.421 -341.422 -345.344 -349.186 -352.945 -356.617 -360.2 -363.691 -367.088 -370.389 -373.589 -376.688 -379.682 -382.568 -385.346 -388.011 -390.562 -392.997 -395.314 -397.509 -399.583 -401.531 -403.354 -405.048 -406.613 -408.047 -409.349 -410.517 -411.55 -412.448 -413.209 -413.832 -414.318 -414.665 -414.874 -414.943 -414.874 -414.665 -414.318 -413.832 -413.209 -412.448 -411.55 -410.517 -409.349 -408.047 -406.613 -405.048 -403.354 -401.531 -399.583 -397.509 -395.314 -392.997 -390.562 -388.011 -385.346 -382.568 -379.682 -376.688 -373.589 -370.389 -367.088 -363.691 -360.2 -356.617 -352.945 -349.186 -345.344 -341.422 -337.421 -333.344 -329.195 -324.975 -320.688 -316.336 -311.921 -307.447 -302.916 -298.33 -293.691 -289.003 -284.267 -279.485 -274.661 -269.795 -264.891 -259.951 -254.975 -249.967 -244.928 -239.86 -234.765 -229.644 -224.5 -219.333 -214.145 -208.938 -203.713 -198.471 -193.214 -187.942 -182.658 -177.361 -172.054 -166.737 -161.41 -156.075 -150.733 -145.384 -140.029 -134.668 -129.303 -123.934 -118.56 -113.184 -107.805 -102.423 -97.0394 -91.6538 -86.2668 -80.8785 -75.4892 -70.0991 -64.7083 -59.317 -53.9253 -48.5332 -43.141 -37.7486 -32.3561 -26.9635 -21.5709 -16.1782 -10.7855 -5.39278 
-6.74094 -13.4818 -20.2227 -26.9635 -33.7043 -40.4451 -47.1857 -53.9263 -60.6667 -67.4068 -74.1466 -80.8859 -87.6246 -94.3625 -101.099 -107.835 -114.569 -121.302 -128.032 -134.76 -141.484 -148.205 -154.923 -161.635 -168.343 -175.044 -181.739 -188.426 -195.106 -201.775 -208.435 -215.083 -221.719 -228.341 -234.949 -241.54 -248.113 -254.667 -261.2 -267.712 -274.198 -280.659 -287.093 -293.496 -299.868 -306.205 -312.507 -318.77 -324.992 -331.171 -337.304 -343.389 -349.423 -355.403 -361.326 -367.19 -372.992 -378.728 -384.396 -389.992 -395.514 -400.957 -406.32 -411.598 -416.789 -421.888 -426.893 -431.801 -436.607 -441.309 -445.902 -450.385 -454.753 -459.003 -463.131 -467.136 -471.012 -474.758 -478.37 -481.845 -485.179 -488.372 -491.418 -494.316 -497.064 -499.658 -502.096 -504.376 -506.496 -508.454 -510.249 -511.877 -513.339 -514.632 -515.755 -516.707 -517.487 -518.095 -518.529 -518.79 -518.877 -518.79 -518.529 -518.095 -517.487 -516.707 -515.755 -514.632 -513.339 -511.877 -510.249 -508.454 -506.496 -504.376 -502.096 -499.658 -497.064 -494.316 -491.418 -488.372 -485.179 -481.845 -478.37 -474.758 -471.012 -467.136 -463.131 -459.003 -454.753 -450.385 -445.902 -441.309 -436.607 -431.801 -426.893 -421.888 -416.789 -411.598 -406.32 -400.957 -395.514 -389.992 -384.396 -378.728 -372.992 -367.19 -361.326 -355.403 -349.423 -343.389 -337.304 -331.171 -324.992 -318.77 -312.507 -306.205 -299.868 -293.496 -287.093 -280.659 -274.198 -267.712 -261.2 -254.667 -248.113 -241.54 -234.949 -228.341 -221.719 -215.083 -208.435 -201.775 -195.106 -188.426 -181.739 -175.044 -168.343 -161.635 -154.923 -148.205 -141.484 -134.76 -128.032 -121.302 -114.569 -107.835 -101.099 -94.3625 -87.6246 -80.8859 -74.1466 -67.4068 -60.6667 -53.9263 -47.1857 -40.4451 -33.7043 -26.9635 -20.2227 -13.4818 -6.74094 
-8.08908 -16.1781 -24.2671 -32.3561 -40.4451 -48.534 -56.6229 -64.7116 -72.8002 -80.8885 -88.9765 -97.0639 -105.151 -113.237 -121.321 -129.405 -137.486 -145.566 -153.643 -161.717 -169.787 -177.854 -185.916 -193.972 -202.022 -210.065 -218.101 -226.127 -234.144 -242.15 -250.143 -258.123 -266.089 -274.038 -281.969 -289.881 -297.772 -305.639 -313.483 -321.299 -329.087 -336.843 -344.567 -352.255 -359.905 -367.514 -375.08 -382.599 -390.071 -397.49 -404.854 -412.161 -419.406 -426.587 -433.7 -440.742 -447.71 -454.598 -461.405 -468.126 -474.758 -481.296 -487.737 -494.076 -500.311 -506.436 -512.448 -518.342 -524.115 -529.763 -535.281 -540.666 -545.913 -551.018 -555.978 -560.789 -565.446 -569.946 -574.285 -578.459 -582.466 -586.301 -589.961 -593.443 -596.744 -599.861 -602.79 -605.53 -608.078 -610.43 -612.586 -614.543 -616.299 -617.853 -619.202 -620.346 -621.284 -622.014 -622.536 -622.849 -622.954 -622.849 -622.536 -622.014 -621.284 -620.346 -619.202 -617.853 -616.299 -614.543 -612.586 -610.43 -608.078 -605.53 -602.79 -599.861 -596.744 -593.443 -589.961 -586.301 -582.466 -578.459 -574.285 -569.946 -565.446 -560.789 -555.978 -551.018 -545.913 -540.666 -535.281 -529.763 -524.115 -518.342 -512.448 -506.436 -500.311 -494.076 -487.737 -481.296 -474.758 -468.126 -461.405 -454.598 -447.71 -440.742 -433.7 -426.587 -419.406 -412.161 -404.854 -397.49 -390.071 -382.599 -375.08 -367.514 -359.905 -352.255 -344.567 -336.843 -329.087 -321.299 -313.483 -305.639 -297.772 -289.881 -281.969 -274.038 -266.089 -258.123 -250.143 -242.15 -234.144 -226.127 -218.101 -210.065 -202.022 -193.972 -185.916 -177.854 -169.787 -161.717 -153.643 -145.566 -137.486 -129.405 -121.321 -113.237 -105.151 -97.0639 -88.9765 -80.8885 -72.8002 -64.7116 -56.6229 -48.534 -40.4451 -32.3561 -24.2671 -16.1781 -8.08908 
-9.4372 -18.8744 -28.3115 -37.7486 -47.1857 -56.6229 -66.06 -75.497 -84.9338 -94.3704 -103.807 -113.242 -122.677 -132.111 -141.544 -150.976 -160.405 -169.832 -179.256 -188.677 -198.094 -207.506 -216.913 -226.314 -235.708 -245.093 -254.47 -263.837 -273.192 -282.535 -291.863 -301.176 -310.472 -319.749 -329.006 -338.24 -347.45 -356.634 -365.788 -374.912 -384.002 -393.057 -402.072 -411.047 -419.977 -428.86 -437.693 -446.472 -455.194 -463.857 -472.455 -480.986 -489.446 -497.831 -506.137 -514.36 -522.495 -530.54 -538.489 -546.338 -554.083 -561.718 -569.24 -576.645 -583.926 -591.08 -598.102 -604.987 -611.731 -618.328 -624.773 -631.063 -637.193 -643.157 -648.951 -654.571 -660.012 -665.269 -670.338 -675.215 -679.896 -684.377 -688.654 -692.722 -696.579 -700.22 -703.643 -706.844 -709.821 -712.57 -715.089 -717.376 -719.428 -721.243 -722.82 -724.157 -725.252 -726.105 -726.715 -727.082 -727.204 -727.082 -726.715 -726.105 -725.252 -724.157 -722.82 -721.243 -719.428 -717.376 -715.089 -712.57 -709.821 -706.844 -703.643 -700.22 -696.579 -692.722 -688.654 -684.377 -679.896 -675.215 -670.338 -665.269 -660.012 -654.571 -648.951 -643.157 -637.193 -631.063 -624.773 -618.328 -611.731 -604.987 -598.102 -591.08 -583.926 -576.645 -569.24 -561.718 -554.083 -546.338 -538.489 -530.54 -522.495 -514.36 -506.137 -497.831 -489.446 -480.986 -472.455 -463.857 -455.194 -446.472 -437.693 -428.86 -419.977 -411.047 -402.072 -393.057 -384.002 -374.912 -365.788 -356.634 -347.45 -338.24 -329.006 -319.749 -310.472 -301.176 -291.863 -282.535 -273.192 -263.837 -254.47 -245.093 -235.708 -226.314 -216.913 -207.506 -198.094 -188.677 -179.256 -169.832 -160.405 -150.976 -141.544 -132.111 -122.677 -113.242 -103.807 -94.3704 -84.9338 -75.497 -66.06 -56.6229 -47.1857 -37.7486 -28.3115 -18.8744 -9.4372 
-10.7853 -21.5705 -32.3558 -43.141 -53.9263 -64.7116 -75.497 -86.2823 -97.0675 -107.852 -118.637 -129.421 -140.205 -150.987 -161.768 -172.548 -183.325 -194.1 -204.872 -215.64 -226.404 -237.163 -247.916 -258.662 -269.4 -280.129 -290.848 -301.556 -312.251 -322.932 -333.597 -344.244 -354.872 -365.479 -376.063 -386.622 -397.152 -407.653 -418.121 -428.554 -438.95 -449.304 -459.614 -469.878 -480.091 -490.251 -500.353 -510.394 -520.371 -530.279 -540.115 -549.873 -559.551 -569.143 -578.645 -588.052 -597.361 -606.564 -615.659 -624.64 -633.501 -642.238 -650.846 -659.319 -667.651 -675.838 -683.874 -691.753 -699.471 -707.021 -714.399 -721.598 -728.614 -735.44 -742.072 -748.505 -754.733 -760.751 -766.554 -772.137 -777.496 -782.626 -787.521 -792.179 -796.594 -800.763 -804.682 -808.348 -811.756 -814.903 -817.787 -820.405 -822.755 -824.833 -826.638 -828.169 -829.424 -830.401 -831.099 -831.518 -831.658 -831.518 -831.099 -830.401 -829.424 -828.169 -826.638 -824.833 -822.755 -820.405 -817.787 -814.903 -811.756 -808.348 -804.682 -800.763 -796.594 -792.179 -787.521 -782.626 -777.496 -772.137 -766.554 -760.751 -754.733 -748.505 -742.072 -735.44 -728.614 -721.598 -714.399 -707.021 -699.471 -691.753 -683.874 -675.838 -667.651 -659.319 -650.846 -642.238 -633.501 -624.64 -615.659 -606.564 -597.361 -588.052 -578.645 -569.143 -559.551 -549.873 -540.115 -530.279 -520.371 -510.394 -500.353 -490.251 -480.091 -469.878 -459.614 -449.304 -438.95 -428.554 -418.121 -407.653 -397.152 -386.622 -376.063 -365.479 -354.872 -344.244 -333.597 -322.932 -312.251 -301.556 -290.848 -280.129 -269.4 -258.662 -247.916 -237.163 -226.404 -215.64 -204.872 -194.1 -183.325 -172.548 -161.768 -150.987 -140.205 -129.421 -118.637 -107.852 -97.0675 -86.2823 -75.497 -64.7116 -53.9263 -43.141 -32.3558 -21.5705 -10.7853 
-12.1333 -24.2666 -36.3999 -48.5332 -60.6667 -72.8002 -84.9338 -97.0675 -109.201 -121.335 -133.468 -145.601 -157.733 -169.864 -181.994 -194.122 -206.248 -218.371 -230.491 -242.608 -254.719 -266.825 -278.925 -291.017 -303.1 -315.174 -327.237 -339.287 -351.323 -363.343 -375.346 -387.329 -399.291 -411.23 -423.143 -435.027 -446.881 -458.701 -470.486 -482.23 -493.933 -505.59 -517.198 -528.753 -540.253 -551.692 -563.067 -574.374 -585.608 -596.766 -607.842 -618.832 -629.731 -640.534 -651.236 -661.832 -672.316 -682.684 -692.929 -703.045 -713.028 -722.871 -732.568 -742.114 -751.502 -760.726 -769.78 -778.659 -787.355 -795.863 -804.177 -812.29 -820.196 -827.889 -835.364 -842.614 -849.633 -856.416 -862.957 -869.25 -875.29 -881.072 -886.59 -891.841 -896.818 -901.518 -905.936 -910.067 -913.909 -917.458 -920.709 -923.661 -926.309 -928.653 -930.688 -932.414 -933.828 -934.929 -935.717 -936.19 -936.347 -936.19 -935.717 -934.929 -933.828 -932.414 -930.688 -928.653 -926.309 -923.661 -920.709 -917.458 -913.909 -910.067 -905.936 -901.518 -896.818 -891.841 -886.59 -881.072 -875.29 -869.25 -862.957 -856.416 -849.633 -842.614 -835.364 -827.889 -820.196 -812.29 -804.177 -795.863 -787.355 -778.659 -769.78 -760.726 -751.502 -742.114 -732.568 -722.871 -713.028 -703.045 -692.929 -682.684 -672.316 -661.832 -651.236 -640.534 -629.731 -618.832 -607.842 -596.766 -585.608 -574.374 -563.067 -551.692 -540.253 -528.753 -517.198 -505.59 -493.933 -482.23 -470.486 -458.701 -446.881 -435.027 -423.143 -411.23 -399.291 -387.329 -375.346 -363.343 -351.323 -339.287 -327.237 -315.174 -303.1 -291.017 -278.925 -266.825 -254.719 -242.608 -230.491 -218.371 -206.248 -194.122 -181.994 -169.864 -157.733 -145.601 -133.468 -121.335 -109.201 -97.0675 -84.9338 -72.8002 -60.6667 -48.5332 -36.3999 -24.2666 -12.1333 
-13.4813 -26.9626 -40.4439 -53.9253 -67.4068 -80.8885 -94.3704 -107.852 -121.335 -134.817 -148.299 -161.78 -175.261 -188.741 -202.22 -215.697 -229.172 -242.645 -256.114 -269.578 -283.038 -296.492 -309.94 -323.379 -336.809 -350.228 -363.636 -377.029 -390.408 -403.769 -417.112 -430.433 -443.731 -457.003 -470.247 -483.46 -496.639 -509.782 -522.884 -535.944 -548.957 -561.919 -574.828 -587.678 -600.467 -613.189 -625.841 -638.417 -650.913 -663.324 -675.645 -687.87 -699.995 -712.014 -723.92 -735.709 -747.374 -758.91 -770.309 -781.567 -792.676 -803.629 -814.421 -825.045 -835.494 -845.76 -855.838 -865.721 -875.401 -884.872 -894.127 -903.158 -911.96 -920.525 -928.847 -936.919 -944.734 -952.286 -959.569 -966.577 -973.303 -979.741 -985.887 -991.734 -997.276 -1002.51 -1007.43 -1012.03 -1016.31 -1020.26 -1023.88 -1027.17 -1030.12 -1032.73 -1035 -1036.92 -1038.5 -1039.72 -1040.6 -1041.13 -1041.3 -1041.13 -1040.6 -1039.72 -1038.5 -1036.92 -1035 -1032.73 -1030.12 -1027.17 -1023.88 -1020.26 -1016.31 -1012.03 -1007.43 -1002.51 -997.276 -991.734 -985.887 -979.741 -973.303 -966.577 -959.569 -952.286 -944.734 -936.919 -928.847 -920.525 -911.96 -903.158 -894.127 -884.872 -875.401 -865.721 -855.838 -845.76 -835.494 -825.045 -814.421 -803.629 -792.676 -781.567 -770.309 -758.91 -747.374 -735.709 -723.92 -712.014 -699.995 -687.87 -675.645 -663.324 -650.913 -638.417 -625.841 -613.189 -600.467 -587.678 -574.828 -561.919 -548.957 -535.944 -522.884 -509.782 -496.639 -483.46 -470.247 -457.003 -443.731 -430.433 -417.112 -403.769 -390.408 -377.029 -363.636 -350.228 -336.809 -323.379 -309.94 -296.492 -283.038 -269.578 -256.114 -242.645 -229.172 -215.697 -202.22 -188.741 -175.261 -161.78 -148.299 -134.817 -121.335 -107.852 -94.3704 -80.8885 -67.4068 -53.9253 -40.4439 -26.9626 -13.4813 
-14.8292 -29.6583 -44.4876 -59.317 -74.1466 -88.9765 -103.807 -118.637 -133.468 -148.299 -163.129 -177.96 -192.79 -207.619 -222.448 -237.274 -252.099 -266.921 -281.739 -296.553 -311.362 -326.165 -340.961 -355.749 -370.526 -385.293 -400.046 -414.785 -429.508 -444.212 -458.896 -473.557 -488.193 -502.801 -517.379 -531.923 -546.43 -560.897 -575.321 -589.698 -604.025 -618.296 -632.509 -646.658 -660.74 -674.749 -688.681 -702.53 -716.292 -729.961 -743.531 -756.997 -770.352 -783.591 -796.707 -809.694 -822.545 -835.254 -847.814 -860.217 -872.458 -884.528 -896.42 -908.127 -919.642 -930.957 -942.064 -952.957 -963.626 -974.066 -984.267 -994.223 -1003.93 -1013.37 -1022.54 -1031.44 -1040.06 -1048.39 -1056.42 -1064.14 -1071.56 -1078.66 -1085.44 -1091.88 -1098 -1103.77 -1109.19 -1114.27 -1118.99 -1123.35 -1127.34 -1130.97 -1134.22 -1137.1 -1139.6 -1141.72 -1143.46 -1144.81 -1145.78 -1146.36 -1146.55 -1146.36 -1145.78 -1144.81 -1143.46 -1141.72 -1139.6 -1137.1 -1134.22 -1130.97 -1127.34 -1123.35 -1118.99 -1114.27 -1109.19 -1103.77 -1098 -1091.88 -1085.44 -1078.66 -1071.56 -1064.14 -1056.42 -1048.39 -1040.06 -1031.44 -1022.54 -1013.37 -1003.93 -994.223 -984.267 -974.066 -963.626 -952.957 -942.064 -930.957 -919.642 -908.127 -896.42 -884.528 -872.458 -860.217 -847.814 -835.254 -822.545 -809.694 -796.707 -783.591 -770.352 -756.997 -743.531 -729.961 -716.292 -702.53 -688.681 -674.749 -660.74 -646.658 -632.509 -618.296 -604.025 -589.698 -575.321 -560.897 -546.43 -531.923 -517.379 -502.801 -488.193 -473.557 -458.896 -444.212 -429.508 -414.785 -400.046 -385.293 -370.526 -355.749 -340.961 -326.165 -311.362 -296.553 -281.739 -266.921 -252.099 -237.274 -222.448 -207.619 -192.79 -177.96 -163.129 -148.299 -133.468 -118.637 -103.807 -88.9765 -74.1466 -59.317 -44.4876 -29.6583 -14.8292 
-16.1769 -32.3539 -48.531 -64.7083 -80.8859 -97.0639 -113.242 -129.421 -145.601 -161.78 -177.96 -194.14 -210.319 -226.498 -242.676 -258.853 -275.027 -291.199 -307.368 -323.532 -339.691 -355.844 -371.99 -388.127 -404.253 -420.368 -436.469 -452.555 -468.624 -484.673 -500.701 -516.704 -532.68 -548.626 -564.54 -580.417 -596.256 -612.051 -627.799 -643.497 -659.141 -674.725 -690.245 -705.697 -721.076 -736.376 -751.593 -766.72 -781.753 -796.684 -811.508 -826.219 -840.81 -855.275 -869.606 -883.796 -897.839 -911.728 -925.453 -939.009 -952.387 -965.579 -978.578 -991.375 -1003.96 -1016.33 -1028.47 -1040.38 -1052.05 -1063.46 -1074.62 -1085.5 -1096.11 -1106.44 -1116.47 -1126.21 -1135.63 -1144.74 -1153.52 -1161.97 -1170.08 -1177.85 -1185.26 -1192.31 -1199 -1205.32 -1211.25 -1216.8 -1221.97 -1226.73 -1231.1 -1235.07 -1238.63 -1241.78 -1244.52 -1246.84 -1248.74 -1250.22 -1251.28 -1251.91 -1252.12 -1251.91 -1251.28 -1250.22 -1248.74 -1246.84 -1244.52 -1241.78 -1238.63 -1235.07 -1231.1 -1226.73 -1221.97 -1216.8 -1211.25 -1205.32 -1199 -1192.31 -1185.26 -1177.85 -1170.08 -1161.97 -1153.52 -1144.74 -1135.63 -1126.21 -1116.47 -1106.44 -1096.11 -1085.5 -1074.62 -1063.46 -1052.05 -1040.38 -1028.47 -1016.33 -1003.96 -991.375 -978.578 -965.579 -952.387 -939.009 -925.453 -911.728 -897.839 -883.796 -869.606 -855.275 -840.81 -826.219 -811.508 -796.684 -781.753 -766.72 -751.593 -736.376 -721.076 -705.697 -690.245 -674.725 -659.141 -643.497 -627.799 -612.051 -596.256 -580.417 -564.54 -548.626 -532.68 -516.704 -500.701 -484.673 -468.624 -452.555 -436.469 -420.368 -404.253 -388.127 -371.99 -355.844 -339.691 -323.532 -307.368 -291.199 -275.027 -258.853 -242.676 -226.498 -210.319 -194.14 -177.96 -161.78 -145.601 -129.421 -113.242 -97.0639 -80.8859 -64.7083 -48.531 -32.3539 -16.1769 
-17.5246 -35.0492 -52.574 -70.0991 -87.6246 -105.151 -122.677 -140.205 -157.733 -175.261 -192.79 -210.319 -227.849 -245.377 -262.906 -280.433 -297.958 -315.48 -333 -350.515 -368.025 -385.529 -403.026 -420.513 -437.99 -455.455 -472.906 -490.34 -507.757 -525.153 -542.526 -559.874 -577.192 -594.48 -611.732 -628.946 -646.119 -663.245 -680.322 -697.344 -714.308 -731.209 -748.041 -764.8 -781.481 -798.077 -814.583 -830.993 -847.301 -863.5 -879.584 -895.546 -911.378 -927.074 -942.626 -958.027 -973.267 -988.341 -1003.24 -1017.95 -1032.48 -1046.8 -1060.91 -1074.8 -1088.47 -1101.9 -1115.09 -1128.02 -1140.68 -1153.08 -1165.19 -1177.02 -1188.54 -1199.76 -1210.66 -1221.23 -1231.47 -1241.36 -1250.9 -1260.08 -1268.9 -1277.34 -1285.39 -1293.05 -1300.32 -1307.18 -1313.63 -1319.66 -1325.27 -1330.46 -1335.21 -1339.52 -1343.39 -1346.81 -1349.78 -1352.3 -1354.37 -1355.98 -1357.13 -1357.82 -1358.05 -1357.82 -1357.13 -1355.98 -1354.37 -1352.3 -1349.78 -1346.81 -1343.39 -1339.52 -1335.21 -1330.46 -1325.27 -1319.66 -1313.63 -1307.18 -1300.32 -1293.05 -1285.39 -1277.34 -1268.9 -1260.08 -1250.9 -1241.36 -1231.47 -1221.23 -1210.66 -1199.76 -1188.54 -1177.02 -1165.19 -1153.08 -1140.68 -1128.02 -1115.09 -1101.9 -1088.47 -1074.8 -1060.91 -1046.8 -1032.48 -1017.95 -1003.24 -988.341 -973.267 -958.027 -942.626 -927.074 -911.378 -895.546 -879.584 -863.5 -847.301 -830.993 -814.583 -798.077 -781.481 -764.8 -748.041 -731.209 -714.308 -697.344 -680.322 -663.245 -646.119 -628.946 -611.732 -594.48 -577.192 -559.874 -542.526 -525.153 -507.757 -490.34 -472.906 -455.455 -437.99 -420.513 -403.026 -385.529 -368.025 -350.515 -333 -315.48 -297.958 -280.433 -262.906 -245.377 -227.849 -210.319 -192.79 -175.261 -157.733 -140.205 -122.677 -105.151 -87.6246 -70.0991 -52.574 -35.0492 -17.5246 
-18.872 -37.7441 -56.6165 -75.4892 -94.3625 -113.237 -132.111 -150.987 -169.864 -188.741 -207.619 -226.498 -245.377 -264.257 -283.135 -302.013 -320.89 -339.764 -358.635 -377.502 -396.364 -415.22 -434.069 -452.908 -471.737 -490.553 -509.355 -528.141 -546.907 -565.652 -584.373 -603.068 -621.732 -640.363 -658.958 -677.512 -696.021 -714.483 -732.891 -751.242 -769.531 -787.752 -805.901 -823.972 -841.959 -859.856 -877.657 -895.355 -912.944 -930.417 -947.766 -964.984 -982.064 -998.998 -1015.78 -1032.39 -1048.84 -1065.11 -1081.18 -1097.06 -1112.74 -1128.19 -1143.43 -1158.42 -1173.18 -1187.68 -1201.91 -1215.87 -1229.55 -1242.94 -1256.02 -1268.79 -1281.23 -1293.35 -1305.12 -1316.53 -1327.59 -1338.28 -1348.59 -1358.51 -1368.03 -1377.14 -1385.84 -1394.12 -1401.97 -1409.39 -1416.36 -1422.88 -1428.94 -1434.54 -1439.67 -1444.33 -1448.51 -1452.21 -1455.42 -1458.15 -1460.38 -1462.12 -1463.36 -1464.11 -1464.36 -1464.11 -1463.36 -1462.12 -1460.38 -1458.15 -1455.42 -1452.21 -1448.51 -1444.33 -1439.67 -1434.54 -1428.94 -1422.88 -1416.36 -1409.39 -1401.97 -1394.12 -1385.84 -1377.14 -1368.03 -1358.51 -1348.59 -1338.28 -1327.59 -1316.53 -1305.12 -1293.35 -1281.23 -1268.79 -1256.02 -1242.94 -1229.55 -1215.87 -1201.91 -1187.68 -1173.18 -1158.42 -1143.43 -1128.19 -1112.74 -1097.06 -1081.18 -1065.11 -1048.84 -1032.39 -1015.78 -998.998 -982.064 -964.984 -947.766 -930.417 -912.944 -895.355 -877.657 -859.856 -841.959 -823.972 -805.901 -787.752 -769.531 -751.242 -732.891 -714.483 -696.021 -677.512 -658.958 -640.363 -621.732 -603.068 -584.373 -565.652 -546.907 -528.141 -509.355 -490.553 -471.737 -452.908 -434.069 -415.22 -396.364 -377.502 -358.635 -339.764 -320.89 -302.013 -283.135 -264.257 -245.377 -226.498 -207.619 -188.741 -169.864 -150.987 -132.111 -113.237 -94.3625 -75.4892 -56.6165 -37.7441 -18.872 
-20.2193 -40.4386 -60.6583 -80.8785 -101.099 -121.321 -141.544 -161.768 -181.994 -202.22 -222.448 -242.676 -262.906 -283.135 -303.365 -323.594 -343.822 -364.049 -384.272 -404.492 -424.708 -444.917 -465.119 -485.312 -505.494 -525.664 -545.818 -565.956 -586.075 -606.172 -626.244 -646.287 -666.3 -686.278 -706.218 -726.115 -745.966 -765.765 -785.51 -805.193 -824.811 -844.358 -863.828 -883.216 -902.514 -921.717 -940.818 -959.811 -978.687 -997.439 -1016.06 -1034.54 -1052.88 -1071.05 -1089.07 -1106.91 -1124.56 -1142.03 -1159.29 -1176.35 -1193.18 -1209.78 -1226.14 -1242.25 -1258.1 -1273.68 -1288.97 -1303.97 -1318.67 -1333.05 -1347.1 -1360.83 -1374.2 -1387.22 -1399.87 -1412.14 -1424.03 -1435.51 -1446.59 -1457.26 -1467.49 -1477.29 -1486.65 -1495.55 -1503.99 -1511.96 -1519.46 -1526.47 -1532.99 -1539.01 -1544.53 -1549.54 -1554.03 -1558.01 -1561.46 -1564.39 -1566.8 -1568.67 -1570 -1570.81 -1571.07 -1570.81 -1570 -1568.67 -1566.8 -1564.39 -1561.46 -1558.01 -1554.03 -1549.54 -1544.53 -1539.01 -1532.99 -1526.47 -1519.46 -1511.96 -1503.99 -1495.55 -1486.65 -1477.29 -1467.49 -1457.26 -1446.59 -1435.51 -1424.03 -1412.14 -1399.87 -1387.22 -1374.2 -1360.83 -1347.1 -1333.05 -1318.67 -1303.97 -1288.97 -1273.68 -1258.1 -1242.25 -1226.14 -1209.78 -1193.18 -1176.35 -1159.29 -1142.03 -1124.56 -1106.91 -1089.07 -1071.05 -1052.88 -1034.54 -1016.06 -997.439 -978.687 -959.811 -940.818 -921.717 -902.514 -883.216 -863.828 -844.358 -824.811 -805.193 -785.51 -765.765 -745.966 -726.115 -706.218 -686.278 -666.3 -646.287 -626.244 -606.172 -586.075 -565.956 -545.818 -525.664 -505.494 -485.312 -465.119 -444.917 -424.708 -404.492 -384.272 -364.049 -343.822 -323.594 -303.365 -283.135 -262.906 -242.676 -222.448 -202.22 -181.994 -161.768 -141.544 -121.321 -101.099 -80.8785 -60.6583 -40.4386 -20.2193 
-21.5662 -43.1326 -64.6993 -86.2668 -107.835 -129.405 -150.976 -172.548 -194.122 -215.697 -237.274 -258.853 -280.433 -302.013 -323.594 -345.175 -366.756 -388.335 -409.912 -431.486 -453.055 -474.619 -496.176 -517.724 -539.261 -560.786 -582.295 -603.788 -625.261 -646.712 -668.137 -689.533 -710.897 -732.225 -753.514 -774.758 -795.953 -817.096 -838.18 -859.201 -880.153 -901.03 -921.826 -942.535 -963.151 -983.666 -1004.07 -1024.37 -1044.53 -1064.57 -1084.47 -1104.22 -1123.82 -1143.25 -1162.5 -1181.58 -1200.45 -1219.13 -1237.58 -1255.82 -1273.82 -1291.57 -1309.07 -1326.3 -1343.25 -1359.91 -1376.27 -1392.32 -1408.04 -1423.43 -1438.47 -1453.15 -1467.46 -1481.4 -1494.93 -1508.07 -1520.79 -1533.09 -1544.95 -1556.36 -1567.32 -1577.81 -1587.83 -1597.36 -1606.39 -1614.93 -1622.95 -1630.46 -1637.44 -1643.89 -1649.8 -1655.16 -1659.98 -1664.24 -1667.94 -1671.07 -1673.65 -1675.65 -1677.08 -1677.94 -1678.23 -1677.94 -1677.08 -1675.65 -1673.65 -1671.07 -1667.94 -1664.24 -1659.98 -1655.16 -1649.8 -1643.89 -1637.44 -1630.46 -1622.95 -1614.93 -1606.39 -1597.36 -1587.83 -1577.81 -1567.32 -1556.36 -1544.95 -1533.09 -1520.79 -1508.07 -1494.93 -1481.4 -1467.46 -1453.15 -1438.47 -1423.43 -1408.04 -1392.32 -1376.27 -1359.91 -1343.25 -1326.3 -1309.07 -1291.57 -1273.82 -1255.82 -1237.58 -1219.13 -1200.45 -1181.58 -1162.5 -1143.25 -1123.82 -1104.22 -1084.47 -1064.57 -1044.53 -1024.37 -1004.07 -983.666 -963.151 -942.535 -921.826 -901.03 -880.153 -859.201 -838.18 -817.096 -795.953 -774.758 -753.514 -732.225 -710.897 -689.533 -668.137 -646.712 -625.261 -603.788 -582.295 -560.786 -539.261 -517.724 -496.176 -474.619 -453.055 -431.486 -409.912 -388.335 -366.756 -345.175 -323.594 -302.013 -280.433 -258.853 -237.274 -215.697 -194.122 -172.548 -150.976 -129.405 -107.835 -86.2668 -64.6993 -43.1326 -21.5662 
-22.9129 -45.8259 -68.7394 -91.6538 -114.569 -137.486 -160.405 -183.325 -206.248 -229.172 -252.099 -275.027 -297.958 -320.89 -343.822 -366.756 -389.69 -412.622 -435.554 -458.482 -481.407 -504.326 -527.239 -550.143 -573.037 -595.919 -618.786 -641.636 -664.466 -687.273 -710.054 -732.806 -755.524 -778.206 -800.846 -823.441 -845.986 -868.475 -890.904 -913.266 -935.557 -957.77 -979.898 -1001.93 -1023.87 -1045.71 -1067.43 -1089.02 -1110.49 -1131.82 -1153.01 -1174.04 -1194.9 -1215.59 -1236.1 -1256.41 -1276.51 -1296.4 -1316.06 -1335.49 -1354.66 -1373.58 -1392.22 -1410.58 -1428.64 -1446.4 -1463.83 -1480.94 -1497.7 -1514.1 -1530.13 -1545.78 -1561.04 -1575.9 -1590.33 -1604.34 -1617.9 -1631.02 -1643.66 -1655.84 -1667.52 -1678.72 -1689.4 -1699.57 -1709.21 -1718.31 -1726.87 -1734.88 -1742.33 -1749.21 -1755.51 -1761.23 -1766.37 -1770.92 -1774.87 -1778.21 -1780.96 -1783.09 -1784.62 -1785.54 -1785.85 -1785.54 -1784.62 -1783.09 -1780.96 -1778.21 -1774.87 -1770.92 -1766.37 -1761.23 -1755.51 -1749.21 -1742.33 -1734.88 -1726.87 -1718.31 -1709.21 -1699.57 -1689.4 -1678.72 -1667.52 -1655.84 -1643.66 -1631.02 -1617.9 -1604.34 -1590.33 -1575.9 -1561.04 -1545.78 -1530.13 -1514.1 -1497.7 -1480.94 -1463.83 -1446.4 -1428.64 -1410.58 -1392.22 -1373.58 -1354.66 -1335.49 -1316.06 -1296.4 -1276.51 -1256.41 -1236.1 -1215.59 -1194.9 -1174.04 -1153.01 -1131.82 -1110.49 -1089.02 -1067.43 -1045.71 -1023.87 -1001.93 -979.898 -957.77 -935.557 -913.266 -890.904 -868.475 -845.986 -823.441 -800.846 -778.206 -755.524 -732.806 -710.054 -687.273 -664.466 -641.636 -618.786 -595.919 -573.037 -550.143 -527.239 -504.326 -481.407 -458.482 -435.554 -412.622 -389.69 -366.756 -343.822 -320.89 -297.958 -275.027 -252.099 -229.172 -206.248 -183.325 -160.405 -137.486 -114.569 -91.6538 -68.7394 -45.8259 -22.9129 
-24.2591 -48.5185 -72.7784 -97.0394 -121.302 -145.566 -169.832 -194.1 -218.371 -242.645 -266.921 -291.199 -315.48 -339.764 -364.049 -388.335 -412.622 -436.909 -461.196 -485.48 -509.761 -534.037 -558.308 -582.57 -606.823 -631.064 -655.29 -679.499 -703.688 -727.855 -751.995 -776.105 -800.182 -824.22 -848.217 -872.167 -896.064 -919.905 -943.683 -967.392 -991.027 -1014.58 -1038.05 -1061.42 -1084.68 -1107.84 -1130.88 -1153.79 -1176.57 -1199.2 -1221.68 -1243.99 -1266.13 -1288.09 -1309.85 -1331.41 -1352.75 -1373.86 -1394.74 -1415.36 -1435.72 -1455.81 -1475.61 -1495.1 -1514.29 -1533.15 -1551.67 -1569.84 -1587.64 -1605.07 -1622.11 -1638.74 -1654.95 -1670.74 -1686.08 -1700.97 -1715.38 -1729.32 -1742.77 -1755.71 -1768.13 -1780.03 -1791.39 -1802.2 -1812.45 -1822.13 -1831.23 -1839.75 -1847.67 -1854.99 -1861.69 -1867.78 -1873.24 -1878.08 -1882.28 -1885.84 -1888.76 -1891.03 -1892.65 -1893.63 -1893.96 -1893.63 -1892.65 -1891.03 -1888.76 -1885.84 -1882.28 -1878.08 -1873.24 -1867.78 -1861.69 -1854.99 -1847.67 -1839.75 -1831.23 -1822.13 -1812.45 -1802.2 -1791.39 -1780.03 -1768.13 -1755.71 -1742.77 -1729.32 -1715.38 -1700.97 -1686.08 -1670.74 -1654.95 -1638.74 -1622.11 -1605.07 -1587.64 -1569.84 -1551.67 -1533.15 -1514.29 -1495.1 -1475.61 -1455.81 -1435.72 -1415.36 -1394.74 -1373.86 -1352.75 -1331.41 -1309.85 -1288.09 -1266.13 -1243.99 -1221.68 -1199.2 -1176.57 -1153.79 -1130.88 -1107.84 -1084.68 -1061.42 -1038.05 -1014.58 -991.027 -967.392 -943.683 -919.905 -896.064 -872.167 -848.217 -824.22 -800.182 -776.105 -751.995 -727.855 -703.688 -679.499 -655.29 -631.064 -606.823 -582.57 -558.308 -534.037 -509.761 -485.48 -461.196 -436.909 -412.622 -388.335 -364.049 -339.764 -315.48 -291.199 -266.921 -242.645 -218.371 -194.1 -169.832 -145.566 -121.302 -97.0394 -72.7784 -48.5185 -24.2591 
-25.6049 -51.2101 -76.816 -102.423 -128.032 -153.643 -179.256 -204.872 -230.491 -256.114 -281.739 -307.368 -333 -358.635 -384.272 -409.912 -435.554 -461.196 -486.838 -512.479 -538.117 -563.752 -589.382 -615.004 -640.617 -666.219 -691.806 -717.377 -742.928 -768.457 -793.959 -819.431 -844.869 -870.269 -895.625 -920.934 -946.189 -971.386 -996.518 -1021.58 -1046.56 -1071.46 -1096.27 -1120.98 -1145.59 -1170.07 -1194.44 -1218.67 -1242.76 -1266.7 -1290.48 -1314.09 -1337.51 -1360.75 -1383.78 -1406.59 -1429.18 -1451.52 -1473.62 -1495.45 -1517.01 -1538.27 -1559.24 -1579.88 -1600.2 -1620.17 -1639.79 -1659.04 -1677.9 -1696.36 -1714.41 -1732.03 -1749.21 -1765.94 -1782.19 -1797.97 -1813.25 -1828.02 -1842.28 -1855.99 -1869.16 -1881.78 -1893.82 -1905.28 -1916.15 -1926.41 -1936.06 -1945.09 -1953.49 -1961.25 -1968.36 -1974.82 -1980.61 -1985.74 -1990.19 -1993.97 -1997.07 -1999.48 -2001.2 -2002.24 -2002.58 -2002.24 -2001.2 -1999.48 -1997.07 -1993.97 -1990.19 -1985.74 -1980.61 -1974.82 -1968.36 -1961.25 -1953.49 -1945.09 -1936.06 -1926.41 -1916.15 -1905.28 -1893.82 -1881.78 -1869.16 -1855.99 -1842.28 -1828.02 -1813.25 -1797.97 -1782.19 -1765.94 -1749.21 -1732.03 -1714.41 -1696.36 -1677.9 -1659.04 -1639.79 -1620.17 -1600.2 -1579.88 -1559.24 -1538.27 -1517.01 -1495.45 -1473.62 -1451.52 -1429.18 -1406.59 -1383.78 -1360.75 -1337.51 -1314.09 -1290.48 -1266.7 -1242.76 -1218.67 -1194.44 -1170.07 -1145.59 -1120.98 -1096.27 -1071.46 -1046.56 -1021.58 -996.518 -971.386 -946.189 -920.934 -895.625 -870.269 -844.869 -819.431 -793.959 -768.457 -742.928 -717.377 -691.806 -666.219 -640.617 -615.004 -589.382 -563.752 -538.117 -512.479 -486.838 -461.196 -435.554 -409.912 -384.272 -358.635 -333 -307.368 -281.739 -256.114 -230.491 -204.872 -179.256 -153.643 -128.032 -102.423 -76.816 -51.2101 -25.6049 
-26.9502 -53.9006 -80.852 -107.805 -134.76 -161.717 -188.677 -215.64 -242.608 -269.578 -296.553 -323.532 -350.515 -377.502 -404.492 -431.486 -458.482 -485.48 -512.479 -539.477 -566.475 -593.469 -620.459 -647.443 -674.418 -701.383 -728.334 -755.27 -782.186 -809.079 -835.946 -862.784 -889.587 -916.351 -943.072 -969.744 -996.362 -1022.92 -1049.41 -1075.83 -1102.17 -1128.42 -1154.58 -1180.64 -1206.58 -1232.41 -1258.11 -1283.67 -1309.08 -1334.33 -1359.42 -1384.33 -1409.05 -1433.57 -1457.87 -1481.95 -1505.8 -1529.39 -1552.72 -1575.77 -1598.53 -1620.98 -1643.12 -1664.93 -1686.39 -1707.49 -1728.21 -1748.54 -1768.47 -1787.98 -1807.05 -1825.67 -1843.83 -1861.51 -1878.69 -1895.37 -1911.52 -1927.14 -1942.21 -1956.71 -1970.64 -1983.97 -1996.71 -2008.83 -2020.32 -2031.18 -2041.39 -2050.94 -2059.82 -2068.03 -2075.55 -2082.38 -2088.51 -2093.93 -2098.64 -2102.64 -2105.91 -2108.46 -2110.29 -2111.38 -2111.75 -2111.38 -2110.29 -2108.46 -2105.91 -2102.64 -2098.64 -2093.93 -2088.51 -2082.38 -2075.55 -2068.03 -2059.82 -2050.94 -2041.39 -2031.18 -2020.32 -2008.83 -1996.71 -1983.97 -1970.64 -1956.71 -1942.21 -1927.14 -1911.52 -1895.37 -1878.69 -1861.51 -1843.83 -1825.67 -1807.05 -1787.98 -1768.47 -1748.54 -1728.21 -1707.49 -1686.39 -1664.93 -1643.12 -1620.98 -1598.53 -1575.77 -1552.72 -1529.39 -1505.8 -1481.95 -1457.87 -1433.57 -1409.05 -1384.33 -1359.42 -1334.33 -1309.08 -1283.67 -1258.11 -1232.41 -1206.58 -1180.64 -1154.58 -1128.42 -1102.17 -1075.83 -1049.41 -1022.92 -996.362 -969.744 -943.072 -916.351 -889.587 -862.784 -835.946 -809.079 -782.186 -755.27 -728.334 -701.383 -674.418 -647.443 -620.459 -593.469 -566.475 -539.477 -512.479 -485.48 -458.482 -431.486 -404.492 -377.502 -350.515 -323.532 -296.553 -269.578 -242.608 -215.64 -188.677 -161.717 -134.76 -107.805 -80.852 -53.9006 -26.9502 
-28.2948 -56.59 -84.8862 -113.184 -141.484 -169.787 -198.094 -226.404 -254.719 -283.038 -311.362 -339.691 -368.025 -396.364 -424.708 -453.055 -481.407 -509.761 -538.117 -566.475 -594.832 -623.187 -651.54 -679.886 -708.226 -736.556 -764.873 -793.175 -821.459 -849.72 -877.956 -906.162 -934.334 -962.467 -990.556 -1018.6 -1046.58 -1074.5 -1102.36 -1130.14 -1157.84 -1185.45 -1212.97 -1240.38 -1267.67 -1294.84 -1321.88 -1348.78 -1375.52 -1402.1 -1428.51 -1454.73 -1480.75 -1506.56 -1532.16 -1557.51 -1582.62 -1607.46 -1632.03 -1656.31 -1680.29 -1703.95 -1727.27 -1750.25 -1772.86 -1795.1 -1816.94 -1838.37 -1859.38 -1879.94 -1900.05 -1919.68 -1938.83 -1957.47 -1975.59 -1993.18 -2010.21 -2026.69 -2042.58 -2057.88 -2072.57 -2086.64 -2100.08 -2112.86 -2124.99 -2136.45 -2147.22 -2157.3 -2166.67 -2175.33 -2183.27 -2190.48 -2196.95 -2202.67 -2207.64 -2211.86 -2215.32 -2218.01 -2219.93 -2221.09 -2221.48 -2221.09 -2219.93 -2218.01 -2215.32 -2211.86 -2207.64 -2202.67 -2196.95 -2190.48 -2183.27 -2175.33 -2166.67 -2157.3 -2147.22 -2136.45 -2124.99 -2112.86 -2100.08 -2086.64 -2072.57 -2057.88 -2042.58 -2026.69 -2010.21 -1993.18 -1975.59 -1957.47 -1938.83 -1919.68 -1900.05 -1879.94 -1859.38 -1838.37 -1816.94 -1795.1 -1772.86 -1750.25 -1727.27 -1703.95 -1680.29 -1656.31 -1632.03 -1607.46 -1582.62 -1557.51 -1532.16 -1506.56 -1480.75 -1454.73 -1428.51 -1402.1 -1375.52 -1348.78 -1321.88 -1294.84 -1267.67 -1240.38 -1212.97 -1185.45 -1157.84 -1130.14 -1102.36 -1074.5 -1046.58 -1018.6 -990.556 -962.467 -934.334 -906.162 -877.956 -849.72 -821.459 -793.175 -764.873 -736.556 -708.226 -679.886 -651.54 -623.187 -594.832 -566.475 -538.117 -509.761 -481.407 -453.055 -424.708 -396.364 -368.025 -339.691 -311.362 -283.038 -254.719 -226.404 -198.094 -169.787 -141.484 -113.184 -84.8862 -56.59 -28.2948 
-29.6387 -59.2778 -88.9182 -118.56 -148.205 -177.854 -207.506 -237.163 -266.825 -296.492 -326.165 -355.844 -385.529 -415.22 -444.917 -474.619 -504.326 -534.037 -563.752 -593.469 -623.187 -652.905 -682.621 -712.333 -742.038 -771.736 -801.421 -831.093 -860.747 -890.379 -919.987 -949.566 -979.11 -1008.62 -1038.08 -1067.49 -1096.85 -1126.14 -1155.37 -1184.52 -1213.59 -1242.56 -1271.44 -1300.21 -1328.86 -1357.39 -1385.77 -1414.01 -1442.1 -1470.01 -1497.74 -1525.28 -1552.62 -1579.74 -1606.62 -1633.26 -1659.65 -1685.76 -1711.58 -1737.1 -1762.31 -1787.18 -1811.7 -1835.86 -1859.64 -1883.02 -1905.99 -1928.53 -1950.63 -1972.26 -1993.41 -2014.07 -2034.21 -2053.83 -2072.9 -2091.41 -2109.34 -2126.68 -2143.41 -2159.52 -2174.98 -2189.8 -2203.94 -2217.41 -2230.18 -2242.24 -2253.58 -2264.2 -2274.07 -2283.19 -2291.55 -2299.14 -2305.96 -2311.98 -2317.22 -2321.67 -2325.31 -2328.14 -2330.17 -2331.39 -2331.79 -2331.39 -2330.17 -2328.14 -2325.31 -2321.67 -2317.22 -2311.98 -2305.96 -2299.14 -2291.55 -2283.19 -2274.07 -2264.2 -2253.58 -2242.24 -2230.18 -2217.41 -2203.94 -2189.8 -2174.98 -2159.52 -2143.41 -2126.68 -2109.34 -2091.41 -2072.9 -2053.83 -2034.21 -2014.07 -1993.41 -1972.26 -1950.63 -1928.53 -1905.99 -1883.02 -1859.64 -1835.86 -1811.7 -1787.18 -1762.31 -1737.1 -1711.58 -1685.76 -1659.65 -1633.26 -1606.62 -1579.74 -1552.62 -1525.28 -1497.74 -1470.01 -1442.1 -1414.01 -1385.77 -1357.39 -1328.86 -1300.21 -1271.44 -1242.56 -1213.59 -1184.52 -1155.37 -1126.14 -1096.85 -1067.49 -1038.08 -1008.62 -979.11 -949.566 -919.987 -890.379 -860.747 -831.093 -801.421 -771.736 -742.038 -712.333 -682.621 -652.905 -623.187 -593.469 -563.752 -534.037 -504.326 -474.619 -444.917 -415.22 -385.529 -355.844 -326.165 -296.492 -266.825 -237.163 -207.506 -177.854 -148.205 -118.56 -88.9182 -59.2778 -29.6387 
