-6.49473 -13.0391 -19.048 -24.2455 -28.4871 -31.6968 -33.8412 -34.9183 -34.9511 -33.9834 -32.077 -29.3094 -25.7709 -21.5623 -16.7929 -11.5777 -6.03489 -0.284144 5.55619 11.3709 17.0501 22.4905 27.5974 32.286 36.482 40.1226 43.1574 45.548 47.2685 48.3053 48.6563 48.3307 47.3483 45.7379 43.5372 40.7912 37.5509 33.8726 29.8162 25.4445 20.8214 16.0116 11.079 6.08581 1.0921 -3.84533 -8.67346 -13.3435 -17.8115 -22.0383 -25.9902 -29.6386 -32.9604 -35.9376 -38.5575 -40.812 -42.6979 -44.2163 -45.372 -46.1736 -46.6329 -46.7645 -46.5852 -46.114 -45.3712 -44.3787 -43.1588 -41.7348 -40.1298 -38.3671 -36.4695 -34.4595 -32.3588 -30.1881 -27.9673 -25.715 -23.449 -21.1854 -18.9394 -16.725 -14.5546 -12.4397 -10.3906 -8.41636 -6.52503 -4.72368 -3.01843 -1.41457 0.0833922 1.47166 2.74705 3.90693 4.94915 5.87197 6.67401 7.35419 7.91168 8.34586 8.65629 8.84266 8.9048 8.84266 8.65629 8.34586 7.91168 7.35419 6.67401 5.87197 4.94915 3.90693 2.74705 1.47166 0.0833922 -1.41457 -3.01843 -4.72368 -6.52503 -8.41636 -10.3906 -12.4397 -14.5546 -16.725 -18.9394 -21.1854 -23.449 -25.715 -27.9673 -30.1881 -32.3588 -34.4595 -36.4695 -38.3671 -40.1298 -41.7348 -43.1588 -44.3787 -45.3712 -46.114 -46.5852 -46.7645 -46.6329 -46.1736 -45.372 -44.2163 -42.6979 -40.812 -38.5575 -35.9376 -32.9604 -29.6386 -25.9902 -22.0383 -17.8115 -13.3435 -8.67346 -3.84533 1.0921 6.08581 11.079 16.0116 20.8214 25.4445 29.8162 33.8726 37.5509 40.7912 43.5372 45.7379 47.3483 48.3307 48.6563 48.3053 47.2685 45.548 43.1574 40.1226 36.482 32.286 27.5974 22.4905 17.0501 11.3709 5.55619 -0.284144 -6.03489 -11.5777 -16.7929 -21.5623 -25.7709 -29.3094 -32.077 -33.9834 -34.9511 -34.9183 -33.8412 -31.6968 -28.4871 -24.2455 -19.048 -13.0391 -6.49473 
-13.0391 -25.3063 -36.2258 -45.4507 -52.7796 -58.1081 -61.401 -62.6773 -62.0003 -59.4708 -55.2221 -49.4145 -42.2311 -33.8729 -24.5545 -14.499 -3.93409 6.91269 17.818 28.5665 38.9545 48.793 57.9106 66.1553 73.3969 79.5276 84.4633 88.1436 90.5316 91.6137 91.3981 89.9137 87.2089 83.3489 78.4145 72.4992 65.7075 58.1522 49.9524 41.2307 32.1118 22.7199 13.1768 3.60066 -5.8962 -15.2081 -24.2373 -32.8949 -41.1017 -48.7883 -55.8957 -62.3752 -68.1887 -73.3078 -77.7142 -81.3986 -84.3606 -86.6077 -88.1547 -89.0229 -89.2396 -88.8367 -87.8505 -86.3206 -84.2892 -81.8004 -78.8995 -75.6326 -72.0455 -68.1839 -64.0921 -59.8136 -55.3899 -50.8607 -46.2636 -41.6338 -37.0041 -32.405 -27.8642 -23.4071 -19.0566 -14.8333 -10.7552 -6.83865 -3.09749 0.456114 3.81179 6.96075 9.89565 12.6104 15.1001 17.3607 19.3891 21.1829 22.7402 24.0596 25.1402 25.9813 26.5823 26.9431 27.0633 26.9431 26.5823 25.9813 25.1402 24.0596 22.7402 21.1829 19.3891 17.3607 15.1001 12.6104 9.89565 6.96075 3.81179 0.456114 -3.09749 -6.83865 -10.7552 -14.8333 -19.0566 -23.4071 -27.8642 -32.405 -37.0041 -41.6338 -46.2636 -50.8607 -55.3899 -59.8136 -64.0921 -68.1839 -72.0455 -75.6326 -78.8995 -81.8004 -84.2892 -86.3206 -87.8505 -88.8367 -89.2396 -89.0229 -88.1547 -86.6077 -84.3606 -81.3986 -77.7142 -73.3078 -68.1887 -62.3752 -55.8957 -48.7883 -41.1017 -32.8949 -24.2373 -15.2081 -5.8962 3.60066 13.1768 22.7199 32.1118 41.2307 49.9524 58.1522 65.7075 72.4992 78.4145 83.3489 87.2089 89.9137 91.3981 91.6137 90.5316 88.1436 84.4633 79.5276 73.3969 66.1553 57.9106 48.793 38.9545 28.5665 17.818 6.91269 -3.93409 -14.499 -24.5545 -33.8729 -42.2311 -49.4145 -55.2221 -59.4708 -62.0003 -62.6773 -61.401 -58.1081 -52.7796 -45.4507 -36.2258 -25.3063 -13.0391 
-19.048 -36.2258 -51.076 -63.2882 -72.677 -79.157 -82.7238 -83.4408 -81.4288 -76.8582 -69.9414 -60.9264 -50.09 -37.7313 -24.165 -9.71496 5.29217 20.533 35.6932 50.4728 64.5909 77.7901 89.8398 100.539 109.719 117.245 123.014 126.959 129.048 129.279 127.681 124.313 119.259 112.628 104.547 95.1609 84.6288 73.1195 60.8087 47.8761 34.5017 20.8637 7.13539 -6.51721 -19.9372 -32.9786 -45.5081 -57.4056 -68.5656 -78.8974 -88.3257 -96.79 -104.245 -110.66 -116.018 -120.314 -123.558 -125.767 -126.972 -127.209 -126.526 -124.973 -122.608 -119.493 -115.692 -111.273 -106.302 -100.849 -94.9804 -88.7627 -82.2605 -75.536 -68.6485 -61.6541 -54.6057 -47.5524 -40.5398 -33.6094 -26.7994 -20.1438 -13.6733 -7.41498 -1.39261 4.37311 9.86442 15.0662 19.9659 24.553 28.819 32.7572 36.3623 39.6304 42.5584 45.1443 47.3867 49.2847 50.8379 52.046 52.9088 53.4266 53.5991 53.4266 52.9088 52.046 50.8379 49.2847 47.3867 45.1443 42.5584 39.6304 36.3623 32.7572 28.819 24.553 19.9659 15.0662 9.86442 4.37311 -1.39261 -7.41498 -13.6733 -20.1438 -26.7994 -33.6094 -40.5398 -47.5524 -54.6057 -61.6541 -68.6485 -75.536 -82.2605 -88.7627 -94.9804 -100.849 -106.302 -111.273 -115.692 -119.493 -122.608 -124.973 -126.526 -127.209 -126.972 -125.767 -123.558 -120.314 -116.018 -110.66 -104.245 -96.79 -88.3257 -78.8974 -68.5656 -57.4056 -45.5081 -32.9786 -19.9372 -6.51721 7.13539 20.8637 34.5017 47.8761 60.8087 73.1195 84.6288 95.1609 104.547 112.628 119.259 124.313 127.681 129.279 129.048 126.959 123.014 117.245 109.719 100.539 89.8398 77.7901 64.5909 50.4728 35.6932 20.533 5.29217 -9.71496 -24.165 -37.7313 -50.09 -60.9264 -69.9414 -76.8582 -81.4288 -83.4408 -82.7238 -79.157 -72.677 -63.2882 -51.076 -36.2258 -19.048 
-24.2455 -45.4507 -63.2882 -77.5313 -88.056 -94.8324 -97.9149 -97.4321 -93.5774 -86.6011 -76.8013 -64.5164 -50.1164 -33.9947 -16.5598 1.77268 20.5881 39.4802 58.0583 75.9535 92.8247 108.363 122.296 134.392 144.461 152.354 157.969 161.247 162.169 160.759 157.078 151.222 143.317 133.52 122.007 108.978 94.6436 79.2277 62.9596 46.0708 28.7917 11.3475 -6.04493 -23.1794 -39.8635 -55.9199 -71.1888 -85.5284 -98.8162 -110.949 -121.844 -131.438 -139.686 -146.561 -152.054 -156.173 -158.94 -160.389 -160.569 -159.537 -157.36 -154.111 -149.871 -144.723 -138.755 -132.055 -124.714 -116.82 -108.46 -99.7196 -90.6813 -81.4234 -72.0203 -62.542 -53.0536 -43.6154 -34.2824 -25.1049 -16.128 -7.39188 1.06787 9.2202 17.0383 24.4993 31.5839 38.2762 44.5634 50.4352 55.8838 60.9031 65.4891 69.6391 73.3515 76.6254 79.461 81.8586 83.8187 85.3423 86.43 87.0823 87.2997 87.0823 86.43 85.3423 83.8187 81.8586 79.461 76.6254 73.3515 69.6391 65.4891 60.9031 55.8838 50.4352 44.5634 38.2762 31.5839 24.4993 17.0383 9.2202 1.06787 -7.39188 -16.128 -25.1049 -34.2824 -43.6154 -53.0536 -62.542 -72.0203 -81.4234 -90.6813 -99.7196 -108.46 -116.82 -124.714 -132.055 -138.755 -144.723 -149.871 -154.111 -157.36 -159.537 -160.569 -160.389 -158.94 -156.173 -152.054 -146.561 -139.686 -131.438 -121.844 -110.949 -98.8162 -85.5284 -71.1888 -55.9199 -39.8635 -23.1794 -6.04493 11.3475 28.7917 46.0708 62.9596 79.2277 94.6436 108.978 122.007 133.52 143.317 151.222 157.078 160.759 162.169 161.247 157.969 152.354 144.461 134.392 122.296 108.363 92.8247 75.9535 58.0583 39.4802 20.5881 1.77268 -16.5598 -33.9947 -50.1164 -64.5164 -76.8013 -86.6011 -93.5774 -97.4321 -97.9149 -94.8324 -88.056 -77.5313 -63.2882 -45.4507 -24.2455 
-28.4871 -52.7796 -72.677 -88.056 -98.8803 -105.201 -107.152 -104.944 -98.8537 -89.2202 -76.4312 -60.916 -43.1353 -23.5718 -2.71995 18.923 40.8666 62.6354 83.7775 103.871 122.532 139.416 154.227 166.719 176.695 184.012 188.58 190.359 189.36 185.64 179.299 170.479 159.353 146.127 131.032 114.317 96.2468 77.0956 57.1416 36.6632 15.9337 -4.78196 -25.2314 -45.1775 -64.4011 -82.7034 -99.9074 -115.859 -130.428 -143.508 -155.017 -164.896 -173.109 -179.639 -184.494 -187.695 -189.285 -189.317 -187.862 -184.998 -180.817 -175.413 -168.891 -161.356 -152.918 -143.687 -133.772 -123.281 -112.32 -100.989 -89.3862 -77.6033 -65.7269 -53.8373 -42.0091 -30.3102 -18.8025 -7.54123 3.4242 14.0505 24.2999 34.1402 43.5441 52.489 60.9563 68.9315 76.4035 83.3639 89.8071 95.7296 101.13 106.007 110.363 114.199 117.516 120.318 122.607 124.384 125.652 126.412 126.666 126.412 125.652 124.384 122.607 120.318 117.516 114.199 110.363 106.007 101.13 95.7296 89.8071 83.3639 76.4035 68.9315 60.9563 52.489 43.5441 34.1402 24.2999 14.0505 3.4242 -7.54123 -18.8025 -30.3102 -42.0091 -53.8373 -65.7269 -77.6033 -89.3862 -100.989 -112.32 -123.281 -133.772 -143.687 -152.918 -161.356 -168.891 -175.413 -180.817 -184.998 -187.862 -189.317 -189.285 -187.695 -184.494 -179.639 -173.109 -164.896 -155.017 -143.508 -130.428 -115.859 -99.9074 -82.7034 -64.4011 -45.1775 -25.2314 -4.78196 15.9337 36.6632 57.1416 77.0956 96.2468 114.317 131.032 146.127 159.353 170.479 179.299 185.64 189.36 190.359 188.58 184.012 176.695 166.719 154.227 139.416 122.532 103.871 83.7775 62.6354 40.8666 18.923 -2.71995 -23.5718 -43.1353 -60.916 -76.4312 -89.2202 -98.8537 -104.944 -107.152 -105.201 -98.8803 -88.056 -72.677 -52.7796 -28.4871 
-31.6968 -58.1081 -79.157 -94.8324 -105.201 -110.411 -110.689 -106.34 -97.7344 -85.3015 -69.5212 -50.9121 -30.0215 -7.41404 16.3389 40.6698 65.0253 88.8755 111.722 133.108 152.62 169.898 184.638 196.594 205.581 211.472 214.204 213.769 210.216 203.644 194.2 182.075 167.494 150.714 132.018 111.706 90.091 67.4944 44.2378 20.6389 -2.99309 -26.3622 -49.1894 -71.2159 -92.2056 -111.948 -130.257 -146.978 -161.981 -175.165 -186.457 -195.81 -203.202 -208.637 -212.138 -213.751 -213.539 -211.581 -207.968 -202.806 -196.207 -188.291 -179.184 -169.014 -157.911 -146.004 -133.419 -120.283 -106.714 -92.8271 -78.7318 -64.5301 -50.317 -36.1803 -22.2003 -8.44931 5.00757 18.1129 30.8162 43.0741 54.8497 66.1121 76.836 87.0013 96.5927 105.599 114.012 121.828 129.044 135.661 141.682 147.108 151.945 156.197 159.87 162.968 165.495 167.456 168.854 169.692 169.972 169.692 168.854 167.456 165.495 162.968 159.87 156.197 151.945 147.108 141.682 135.661 129.044 121.828 114.012 105.599 96.5927 87.0013 76.836 66.1121 54.8497 43.0741 30.8162 18.1129 5.00757 -8.44931 -22.2003 -36.1803 -50.317 -64.5301 -78.7318 -92.8271 -106.714 -120.283 -133.419 -146.004 -157.911 -169.014 -179.184 -188.291 -196.207 -202.806 -207.968 -211.581 -213.539 -213.751 -212.138 -208.637 -203.202 -195.81 -186.457 -175.165 -161.981 -146.978 -130.257 -111.948 -92.2056 -71.2159 -49.1894 -26.3622 -2.99309 20.6389 44.2378 67.4944 90.091 111.706 132.018 150.714 167.494 182.075 194.2 203.644 210.216 213.769 214.204 211.472 205.581 196.594 184.638 169.898 152.62 133.108 111.722 88.8755 65.0253 40.6698 16.3389 -7.41404 -30.0215 -50.9121 -69.5212 -85.3015 -97.7344 -106.34 -110.689 -110.411 -105.201 -94.8324 -79.157 -58.1081 -31.6968 
-33.8412 -61.401 -82.7238 -97.9149 -107.152 -110.689 -108.858 -102.06 -90.7638 -75.4929 -56.817 -35.3402 -11.6898 13.4961 39.5802 65.9369 91.9638 117.091 140.791 162.585 182.051 198.826 212.615 223.187 230.382 234.105 234.327 231.086 224.475 214.644 201.791 186.159 168.026 147.701 125.517 101.821 76.9718 51.3306 25.2556 -0.903337 -26.81 -52.1462 -76.6158 -99.948 -121.9 -142.257 -160.839 -177.494 -192.103 -204.579 -214.865 -222.933 -228.784 -232.442 -233.957 -233.399 -230.855 -226.431 -220.244 -212.422 -203.104 -192.431 -180.55 -167.611 -153.76 -139.144 -123.906 -108.183 -92.107 -75.8025 -59.3866 -42.9681 -26.6473 -10.5154 5.34503 20.8606 35.9664 50.6061 64.7314 78.3016 91.2832 103.649 115.379 126.458 136.874 146.622 155.7 164.108 171.849 178.929 185.354 191.132 196.272 200.782 204.67 207.945 210.614 212.683 214.157 215.04 215.334 215.04 214.157 212.683 210.614 207.945 204.67 200.782 196.272 191.132 185.354 178.929 171.849 164.108 155.7 146.622 136.874 126.458 115.379 103.649 91.2832 78.3016 64.7314 50.6061 35.9664 20.8606 5.34503 -10.5154 -26.6473 -42.9681 -59.3866 -75.8025 -92.107 -108.183 -123.906 -139.144 -153.76 -167.611 -180.55 -192.431 -203.104 -212.422 -220.244 -226.431 -230.855 -233.399 -233.957 -232.442 -228.784 -222.933 -214.865 -204.579 -192.103 -177.494 -160.839 -142.257 -121.9 -99.948 -76.6158 -52.1462 -26.81 -0.903337 25.2556 51.3306 76.9718 101.821 125.517 147.701 168.026 186.159 201.791 214.644 224.475 231.086 234.327 234.105 230.382 223.187 212.615 198.826 182.051 162.585 140.791 117.091 91.9638 65.9369 39.5802 13.4961 -11.6898 -35.3402 -56.817 -75.4929 -90.7638 -102.06 -108.858 -110.689 -107.152 -97.9149 -82.7238 -61.401 -33.8412 
-34.9183 -62.6773 -83.4408 -97.4321 -104.944 -106.34 -102.06 -92.6075 -78.548 -60.4976 -39.1119 -15.0744 10.9161 38.1585 65.9611 93.6541 120.6 146.206 169.929 191.286 209.859 225.302 237.341 245.776 250.482 251.408 248.572 242.062 232.025 218.665 202.235 183.031 161.385 137.655 112.221 85.4733 57.809 29.623 1.30241 -26.7796 -54.2689 -80.8348 -106.174 -130.013 -152.112 -172.264 -190.298 -206.08 -219.508 -230.516 -239.071 -245.169 -248.838 -250.131 -249.123 -245.912 -240.615 -233.363 -224.299 -213.577 -201.355 -187.8 -173.077 -157.351 -140.788 -123.547 -105.781 -87.6393 -69.2607 -50.776 -32.3067 -13.9644 4.14947 21.9438 39.3374 56.2594 72.6484 88.4522 103.628 118.139 131.96 145.069 157.453 169.102 180.014 190.188 199.63 208.345 216.344 223.637 230.238 236.158 241.412 246.012 249.971 253.3 256.008 258.106 259.599 260.493 260.79 260.493 259.599 258.106 256.008 253.3 249.971 246.012 241.412 236.158 230.238 223.637 216.344 208.345 199.63 190.188 180.014 169.102 157.453 145.069 131.96 118.139 103.628 88.4522 72.6484 56.2594 39.3374 21.9438 4.14947 -13.9644 -32.3067 -50.776 -69.2607 -87.6393 -105.781 -123.547 -140.788 -157.351 -173.077 -187.8 -201.355 -213.577 -224.299 -233.363 -240.615 -245.912 -249.123 -250.131 -248.838 -245.169 -239.071 -230.516 -219.508 -206.08 -190.298 -172.264 -152.112 -130.013 -106.174 -80.8348 -54.2689 -26.7796 1.30241 29.623 57.809 85.4733 112.221 137.655 161.385 183.031 202.235 218.665 232.025 242.062 248.572 251.408 250.482 245.776 237.341 225.302 209.859 191.286 169.929 146.206 120.6 93.6541 65.9611 38.1585 10.9161 -15.0744 -39.1119 -60.4976 -78.548 -92.6075 -102.06 -106.34 -104.944 -97.4321 -83.4408 -62.6773 -34.9183 
-34.9511 -62.0003 -81.4288 -93.5774 -98.8537 -97.7344 -90.7638 -78.548 -61.7472 -41.0648 -17.2361 8.98463 36.8374 65.5694 94.4484 122.774 149.89 175.193 198.143 218.267 235.169 248.531 258.113 263.761 265.396 263.02 256.708 246.601 232.907 215.886 195.847 173.142 148.151 121.28 92.9493 63.5881 33.6242 3.47827 -26.4427 -55.7513 -84.0853 -111.111 -136.528 -160.071 -181.512 -200.661 -217.367 -231.517 -243.037 -251.889 -258.068 -261.601 -262.547 -260.988 -257.032 -250.805 -242.453 -232.133 -220.014 -206.273 -191.09 -174.651 -157.136 -138.729 -119.603 -99.9305 -79.8724 -59.5824 -39.2039 -18.8698 1.29808 21.1895 40.7056 59.759 78.2737 96.1845 113.437 129.985 145.795 160.838 175.096 188.558 201.216 213.071 224.128 234.396 243.885 252.612 260.592 267.843 274.383 280.232 285.408 289.928 293.808 297.065 299.711 301.757 303.211 304.082 304.371 304.082 303.211 301.757 299.711 297.065 293.808 289.928 285.408 280.232 274.383 267.843 260.592 252.612 243.885 234.396 224.128 213.071 201.216 188.558 175.096 160.838 145.795 129.985 113.437 96.1845 78.2737 59.759 40.7056 21.1895 1.29808 -18.8698 -39.2039 -59.5824 -79.8724 -99.9305 -119.603 -138.729 -157.136 -174.651 -191.09 -206.273 -220.014 -232.133 -242.453 -250.805 -257.032 -260.988 -262.547 -261.601 -258.068 -251.889 -243.037 -231.517 -217.367 -200.661 -181.512 -160.071 -136.528 -111.111 -84.0853 -55.7513 -26.4427 3.47827 33.6242 63.5881 92.9493 121.28 148.151 173.142 195.847 215.886 232.907 246.601 256.708 263.02 265.396 263.761 258.113 248.531 235.169 218.267 198.143 175.193 149.89 122.774 94.4484 65.5694 36.8374 8.98463 -17.2361 -41.0648 -61.7472 -78.548 -90.7638 -97.7344 -98.8537 -93.5774 -81.4288 -62.0003 -34.9511 
-33.9834 -59.4708 -76.8582 -86.6011 -89.2202 -85.3015 -75.4929 -60.4976 -41.0648 -17.9783 7.95582 35.9231 65.1139 94.7374 124.034 152.289 178.841 203.093 224.522 242.682 257.21 267.831 274.354 276.678 274.781 268.727 258.65 244.755 227.308 206.63 183.086 157.076 129.03 99.3939 68.6254 37.182 5.51513 -25.9375 -56.7586 -86.5566 -114.971 -141.675 -166.382 -188.842 -208.851 -226.242 -240.893 -252.722 -261.687 -267.783 -271.039 -271.518 -269.31 -264.533 -257.325 -247.844 -236.261 -222.762 -207.538 -190.788 -172.711 -153.508 -133.375 -112.503 -91.0773 -69.2735 -47.2576 -25.1846 -3.19747 18.5729 40.0087 61.0046 81.4684 101.32 120.492 138.928 156.583 173.422 189.419 204.559 218.832 232.236 244.777 256.462 267.307 277.329 286.549 294.989 302.673 309.627 315.874 321.44 326.348 330.621 334.28 337.342 339.825 341.741 343.102 343.915 344.186 343.915 343.102 341.741 339.825 337.342 334.28 330.621 326.348 321.44 315.874 309.627 302.673 294.989 286.549 277.329 267.307 256.462 244.777 232.236 218.832 204.559 189.419 173.422 156.583 138.928 120.492 101.32 81.4684 61.0046 40.0087 18.5729 -3.19747 -25.1846 -47.2576 -69.2735 -91.0773 -112.503 -133.375 -153.508 -172.711 -190.788 -207.538 -222.762 -236.261 -247.844 -257.325 -264.533 -269.31 -271.518 -271.039 -267.783 -261.687 -252.722 -240.893 -226.242 -208.851 -188.842 -166.382 -141.675 -114.971 -86.5566 -56.7586 -25.9375 5.51513 37.182 68.6254 99.3939 129.03 157.076 183.086 206.63 227.308 244.755 258.65 268.727 274.781 276.678 274.354 267.831 257.21 242.682 224.522 203.093 178.841 152.289 124.034 94.7374 65.1139 35.9231 7.95582 -17.9783 -41.0648 -60.4976 -75.4929 -85.3015 -89.2202 -86.6011 -76.8582 -59.4708 -33.9834 
-32.077 -55.2221 -69.9414 -76.8013 -76.4312 -69.5212 -56.817 -39.1119 -17.2361 7.95582 35.5981 64.828 94.7996 124.698 153.752 181.245 206.528 229.027 248.248 263.786 275.327 282.648 285.62 284.201 278.438 268.459 254.464 236.722 215.562 191.361 164.537 135.539 104.838 72.9145 40.2548 7.33756 -25.3716 -57.4279 -88.4133 -117.942 -145.666 -171.276 -194.506 -215.136 -232.987 -247.929 -259.875 -268.779 -274.637 -277.481 -277.38 -274.433 -268.766 -260.53 -249.896 -237.051 -222.194 -205.534 -187.285 -167.662 -146.881 -125.153 -102.686 -79.6767 -56.314 -32.7752 -9.22559 14.1828 37.3115 60.0364 82.2473 103.848 124.756 144.903 164.233 182.7 200.273 216.928 232.653 247.443 261.301 274.237 286.266 297.409 307.689 317.135 325.775 333.64 340.762 347.174 352.905 357.988 362.45 366.318 369.618 372.371 374.597 376.312 377.527 378.252 378.494 378.252 377.527 376.312 374.597 372.371 369.618 366.318 362.45 357.988 352.905 347.174 340.762 333.64 325.775 317.135 307.689 297.409 286.266 274.237 261.301 247.443 232.653 216.928 200.273 182.7 164.233 144.903 124.756 103.848 82.2473 60.0364 37.3115 14.1828 -9.22559 -32.7752 -56.314 -79.6767 -102.686 -125.153 -146.881 -167.662 -187.285 -205.534 -222.194 -237.051 -249.896 -260.53 -268.766 -274.433 -277.38 -277.481 -274.637 -268.779 -259.875 -247.929 -232.987 -215.136 -194.506 -171.276 -145.666 -117.942 -88.4133 -57.4279 -25.3716 7.33756 40.2548 72.9145 104.838 135.539 164.537 191.361 215.562 236.722 254.464 268.459 278.438 284.201 285.62 282.648 275.327 263.786 248.248 229.027 206.528 181.245 153.752 124.698 94.7996 64.828 35.5981 7.95582 -17.2361 -39.1119 -56.817 -69.5212 -76.4312 -76.8013 -69.9414 -55.2221 -32.077 
-29.3094 -49.4145 -60.9264 -64.5164 -60.916 -50.9121 -35.3402 -15.0744 8.98463 35.9231 64.828 94.8018 124.977 154.529 182.69 208.759 232.112 252.212 268.61 280.955 288.991 292.562 291.604 286.149 276.312 262.292 244.357 222.841 198.133 170.664 140.903 109.34 76.4792 42.8312 8.89992 -24.8236 -57.8693 -89.7955 -120.194 -148.695 -174.973 -198.744 -219.776 -237.881 -252.921 -264.805 -273.486 -278.961 -281.269 -280.484 -276.713 -270.095 -260.792 -248.99 -234.889 -218.704 -200.66 -180.987 -159.915 -137.676 -114.496 -90.5934 -66.1806 -41.4571 -16.6106 8.18449 32.7686 56.9971 80.7408 103.886 126.334 148.002 168.82 188.735 207.703 225.695 242.692 258.687 273.68 287.679 300.701 312.769 323.908 334.151 343.533 352.089 359.859 366.881 373.195 378.839 383.852 388.268 392.121 395.444 398.263 400.605 402.49 403.938 404.961 405.571 405.774 405.571 404.961 403.938 402.49 400.605 398.263 395.444 392.121 388.268 383.852 378.839 373.195 366.881 359.859 352.089 343.533 334.151 323.908 312.769 300.701 287.679 273.68 258.687 242.692 225.695 207.703 188.735 168.82 148.002 126.334 103.886 80.7408 56.9971 32.7686 8.18449 -16.6106 -41.4571 -66.1806 -90.5934 -114.496 -137.676 -159.915 -180.987 -200.66 -218.704 -234.889 -248.99 -260.792 -270.095 -276.713 -280.484 -281.269 -278.961 -273.486 -264.805 -252.921 -237.881 -219.776 -198.744 -174.973 -148.695 -120.194 -89.7955 -57.8693 -24.8236 8.89992 42.8312 76.4792 109.34 140.903 170.664 198.133 222.841 244.357 262.292 276.312 286.149 291.604 292.562 288.991 280.955 268.61 252.212 232.112 208.759 182.69 154.529 124.977 94.8018 64.828 35.9231 8.98463 -15.0744 -35.3402 -50.9121 -60.916 -64.5164 -60.9264 -49.4145 -29.3094 
-25.7709 -42.2311 -50.09 -50.1164 -43.1353 -30.0215 -11.6898 10.9161 36.8374 65.1139 94.7996 124.977 154.771 183.365 210.007 234.029 254.846 271.97 285.013 293.687 297.806 297.288 292.144 282.481 268.49 250.441 228.671 203.576 175.604 145.235 112.981 79.3669 44.9248 10.1822 -24.3464 -58.1684 -90.8198 -121.872 -150.937 -177.672 -201.782 -223.02 -241.193 -256.156 -267.816 -276.128 -281.091 -282.749 -281.185 -276.517 -268.894 -258.492 -245.511 -230.167 -212.691 -193.321 -172.305 -149.887 -126.315 -101.827 -76.6569 -51.0268 -25.1473 0.784535 26.5869 52.0936 77.1552 101.639 125.429 148.425 170.546 191.724 211.905 231.053 249.141 266.155 282.095 296.966 310.785 323.574 335.364 346.189 356.088 365.104 373.282 380.667 387.306 393.247 398.536 403.217 407.333 410.925 414.032 416.687 418.922 420.765 422.24 423.366 424.16 424.631 424.788 424.631 424.16 423.366 422.24 420.765 418.922 416.687 414.032 410.925 407.333 403.217 398.536 393.247 387.306 380.667 373.282 365.104 356.088 346.189 335.364 323.574 310.785 296.966 282.095 266.155 249.141 231.053 211.905 191.724 170.546 148.425 125.429 101.639 77.1552 52.0936 26.5869 0.784535 -25.1473 -51.0268 -76.6569 -101.827 -126.315 -149.887 -172.305 -193.321 -212.691 -230.167 -245.511 -258.492 -268.894 -276.517 -281.185 -282.749 -281.091 -276.128 -267.816 -256.156 -241.193 -223.02 -201.782 -177.672 -150.937 -121.872 -90.8198 -58.1684 -24.3464 10.1822 44.9248 79.3669 112.981 145.235 175.604 203.576 228.671 250.441 268.49 282.481 292.144 297.288 297.806 293.687 285.013 271.97 254.846 234.029 210.007 183.365 154.771 124.977 94.7996 65.1139 36.8374 10.9161 -11.6898 -30.0215 -43.1353 -50.1164 -50.09 -42.2311 -25.7709 
-21.5623 -33.8729 -37.7313 -33.9947 -23.5718 -7.41404 13.4961 38.1585 65.5694 94.7374 124.698 154.529 183.365 210.408 234.944 256.346 274.086 287.738 296.983 301.609 301.509 296.678 287.212 273.295 255.194 233.251 207.87 179.507 148.66 115.857 81.6424 46.5689 11.1856 -23.9713 -58.388 -91.5805 -123.101 -152.546 -179.557 -203.827 -225.1 -243.177 -257.91 -269.204 -277.017 -281.352 -282.262 -279.837 -274.208 -265.535 -254.011 -239.848 -223.279 -204.55 -183.917 -161.641 -137.984 -113.206 -87.5597 -61.2901 -34.631 -7.80227 18.991 45.5604 71.7346 97.3607 122.304 146.447 169.692 191.958 213.18 233.31 252.314 270.173 286.88 302.438 316.864 330.179 342.417 353.613 363.812 373.061 381.411 388.914 395.625 401.598 406.889 411.55 415.634 419.191 422.268 424.91 427.159 429.051 430.621 431.898 432.908 433.672 434.206 434.521 434.626 434.521 434.206 433.672 432.908 431.898 430.621 429.051 427.159 424.91 422.268 419.191 415.634 411.55 406.889 401.598 395.625 388.914 381.411 373.061 363.812 353.613 342.417 330.179 316.864 302.438 286.88 270.173 252.314 233.31 213.18 191.958 169.692 146.447 122.304 97.3607 71.7346 45.5604 18.991 -7.80227 -34.631 -61.2901 -87.5597 -113.206 -137.984 -161.641 -183.917 -204.55 -223.279 -239.848 -254.011 -265.535 -274.208 -279.837 -282.262 -281.352 -277.017 -269.204 -257.91 -243.177 -225.1 -203.827 -179.557 -152.546 -123.101 -91.5805 -58.388 -23.9713 11.1856 46.5689 81.6424 115.857 148.66 179.507 207.87 233.251 255.194 273.295 287.212 296.678 301.509 301.609 296.983 287.738 274.086 256.346 234.944 210.408 183.365 154.529 124.698 94.7374 65.5694 38.1585 13.4961 -7.41404 -23.5718 -33.9947 -37.7313 -33.8729 -21.5623 
-16.7929 -24.5545 -24.165 -16.5598 -2.71995 16.3389 39.5802 65.9611 94.4484 124.034 153.752 182.69 210.007 234.944 256.833 275.107 289.304 299.073 304.175 304.481 299.97 290.722 276.917 258.818 236.77 211.184 182.526 151.307 118.071 83.3817 47.8109 11.928 -23.7108 -58.5715 -92.1514 -123.986 -153.655 -180.789 -205.068 -226.232 -244.074 -258.444 -269.251 -276.453 -280.063 -280.139 -276.785 -270.141 -260.384 -247.72 -232.378 -214.606 -194.669 -172.837 -149.388 -124.598 -98.7406 -72.0831 -44.8816 -17.3796 10.1942 37.6277 64.7271 91.3174 117.243 142.369 166.58 189.778 211.886 232.844 252.609 271.154 288.467 304.547 319.408 333.072 345.571 356.947 367.244 376.517 384.82 392.212 398.756 404.513 409.547 413.919 417.69 420.92 423.665 425.98 427.915 429.517 430.831 431.895 432.745 433.412 433.921 434.294 434.549 434.697 434.746 434.697 434.549 434.294 433.921 433.412 432.745 431.895 430.831 429.517 427.915 425.98 423.665 420.92 417.69 413.919 409.547 404.513 398.756 392.212 384.82 376.517 367.244 356.947 345.571 333.072 319.408 304.547 288.467 271.154 252.609 232.844 211.886 189.778 166.58 142.369 117.243 91.3174 64.7271 37.6277 10.1942 -17.3796 -44.8816 -72.0831 -98.7406 -124.598 -149.388 -172.837 -194.669 -214.606 -232.378 -247.72 -260.384 -270.141 -276.785 -280.139 -280.063 -276.453 -269.251 -258.444 -244.074 -226.232 -205.068 -180.789 -153.655 -123.986 -92.1514 -58.5715 -23.7108 11.928 47.8109 83.3817 118.071 151.307 182.526 211.184 236.77 258.818 276.917 290.722 299.97 304.481 304.175 299.073 289.304 275.107 256.833 234.944 210.007 182.69 153.752 124.034 94.4484 65.9611 39.5802 16.3389 -2.71995 -16.5598 -24.165 -24.5545 -16.7929 
-11.5777 -14.499 -9.71496 1.77268 18.923 40.6698 65.9369 93.6541 122.774 152.289 181.245 208.759 234.029 256.346 275.107 289.814 300.085 305.655 306.37 302.193 293.192 279.537 261.491 239.399 213.678 184.804 153.301 119.729 84.6672 48.7078 12.4392 -23.5629 -58.7457 -92.5887 -124.611 -154.379 -181.51 -205.676 -226.61 -244.102 -258.003 -268.221 -274.722 -277.524 -276.698 -272.357 -264.658 -253.791 -239.977 -223.465 -204.518 -183.418 -160.453 -135.915 -110.096 -83.2853 -55.7604 -27.7893 0.374948 28.4959 56.3556 83.7559 110.519 136.49 161.532 185.533 208.4 230.059 250.457 269.558 287.342 303.805 318.956 332.817 345.42 356.808 367.03 376.142 384.205 391.286 397.451 402.771 407.316 411.157 414.364 417.003 419.141 420.842 422.165 423.167 423.9 424.414 424.752 424.956 425.059 425.094 425.087 425.059 425.027 425.003 424.994 425.003 425.027 425.059 425.087 425.094 425.059 424.956 424.752 424.414 423.9 423.167 422.165 420.842 419.141 417.003 414.364 411.157 407.316 402.771 397.451 391.286 384.205 376.142 367.03 356.808 345.42 332.817 318.956 303.805 287.342 269.558 250.457 230.059 208.4 185.533 161.532 136.49 110.519 83.7559 56.3556 28.4959 0.374948 -27.7893 -55.7604 -83.2853 -110.096 -135.915 -160.453 -183.418 -204.518 -223.465 -239.977 -253.791 -264.658 -272.357 -276.698 -277.524 -274.722 -268.221 -258.003 -244.102 -226.61 -205.676 -181.51 -154.379 -124.611 -92.5887 -58.7457 -23.5629 12.4392 48.7078 84.6672 119.729 153.301 184.804 213.678 239.399 261.491 279.537 293.192 302.193 306.37 305.655 300.085 289.814 275.107 256.346 234.029 208.759 181.245 152.289 122.774 93.6541 65.9369 40.6698 18.923 1.77268 -9.71496 -14.499 -11.5777 
-6.03489 -3.93409 5.29217 20.5881 40.8666 65.0253 91.9638 120.6 149.89 178.841 206.528 232.112 254.846 274.086 289.304 300.085 306.137 307.286 303.475 294.759 281.301 263.361 241.284 215.492 186.472 154.761 120.931 85.5818 49.3212 12.7575 -23.5147 -58.9241 -92.9331 -125.045 -154.813 -181.844 -205.801 -226.412 -243.465 -256.809 -266.36 -272.087 -274.019 -272.236 -266.867 -258.082 -246.088 -231.124 -213.454 -193.363 -171.147 -147.113 -121.569 -94.8242 -67.1784 -38.9235 -10.3376 18.3172 46.7975 74.8803 102.364 129.071 154.844 179.551 203.082 225.349 246.286 265.846 284.002 300.742 316.073 330.013 342.595 353.863 363.867 372.669 380.334 386.934 392.543 397.239 401.1 404.204 406.629 408.453 409.749 410.589 411.043 411.175 411.047 410.717 410.236 409.654 409.016 408.359 407.72 407.129 406.61 406.185 405.87 405.676 405.611 405.676 405.87 406.185 406.61 407.129 407.72 408.359 409.016 409.654 410.236 410.717 411.047 411.175 411.043 410.589 409.749 408.453 406.629 404.204 401.1 397.239 392.543 386.934 380.334 372.669 363.867 353.863 342.595 330.013 316.073 300.742 284.002 265.846 246.286 225.349 203.082 179.551 154.844 129.071 102.364 74.8803 46.7975 18.3172 -10.3376 -38.9235 -67.1784 -94.8242 -121.569 -147.113 -171.147 -193.363 -213.454 -231.124 -246.088 -258.082 -266.867 -272.236 -274.019 -272.087 -266.36 -256.809 -243.465 -226.412 -205.801 -181.844 -154.813 -125.045 -92.9331 -58.9241 -23.5147 12.7575 49.3212 85.5818 120.931 154.761 186.472 215.492 241.284 263.361 281.301 294.759 303.475 307.286 306.137 300.085 289.304 274.086 254.846 232.112 206.528 178.841 149.89 120.6 91.9638 65.0253 40.8666 20.5881 5.29217 -3.93409 -6.03489 
-0.284144 6.91269 20.533 39.4802 62.6354 88.8755 117.091 146.206 175.193 203.093 229.027 252.212 271.97 287.738 299.073 305.655 307.286 303.893 295.519 282.316 264.542 242.542 216.745 187.646 155.792 121.774 86.2048 49.713 12.9249 -23.5458 -59.1098 -93.2123 -125.342 -155.038 -181.896 -205.574 -225.793 -242.34 -255.067 -263.891 -268.792 -269.807 -267.031 -260.604 -250.714 -237.585 -221.476 -202.668 -181.464 -158.18 -133.141 -106.672 -79.0953 -50.727 -21.8707 7.18517 36.1704 64.8351 92.9522 120.318 146.754 172.105 196.244 219.064 240.485 260.447 278.914 295.867 311.306 325.248 337.723 348.776 358.46 366.84 373.986 379.975 384.89 388.813 391.833 394.034 395.505 396.33 396.592 396.371 395.746 394.789 393.57 392.154 390.603 388.973 387.314 385.675 384.097 382.617 381.269 380.081 379.077 378.276 377.693 377.34 377.221 377.34 377.693 378.276 379.077 380.081 381.269 382.617 384.097 385.675 387.314 388.973 390.603 392.154 393.57 394.789 395.746 396.371 396.592 396.33 395.505 394.034 391.833 388.813 384.89 379.975 373.986 366.84 358.46 348.776 337.723 325.248 311.306 295.867 278.914 260.447 240.485 219.064 196.244 172.105 146.754 120.318 92.9522 64.8351 36.1704 7.18517 -21.8707 -50.727 -79.0953 -106.672 -133.141 -158.18 -181.464 -202.668 -221.476 -237.585 -250.714 -260.604 -267.031 -269.807 -268.792 -263.891 -255.067 -242.34 -225.793 -205.574 -181.896 -155.038 -125.342 -93.2123 -59.1098 -23.5458 12.9249 49.713 86.2048 121.774 155.792 187.646 216.745 242.542 264.542 282.316 295.519 303.893 307.286 305.655 299.073 287.738 271.97 252.212 229.027 203.093 175.193 146.206 117.091 88.8755 62.6354 39.4802 20.533 6.91269 -0.284144 
5.55619 17.818 35.6932 58.0583 83.7775 111.722 140.791 169.929 198.143 224.522 248.248 268.61 285.013 296.983 304.175 306.37 303.475 295.519 282.648 265.113 243.262 217.528 188.415 156.484 122.338 86.6085 49.9422 12.9845 -23.6316 -59.2985 -93.4441 -125.541 -155.117 -181.756 -205.108 -224.89 -240.888 -252.956 -261.017 -265.058 -265.129 -261.335 -253.835 -242.832 -228.57 -211.326 -191.402 -169.12 -144.816 -118.832 -91.5115 -63.1929 -34.2058 -4.86614 24.5275 53.6969 82.3866 110.366 137.43 163.401 188.128 211.486 233.378 253.729 272.49 289.634 305.155 319.065 331.391 342.178 351.482 359.37 365.917 371.208 375.329 378.374 380.436 381.612 381.996 381.682 380.763 379.328 377.462 375.248 372.762 370.078 367.264 364.383 361.493 358.647 355.894 353.278 350.836 348.604 346.61 344.882 343.439 342.298 341.475 340.977 340.81 340.977 341.475 342.298 343.439 344.882 346.61 348.604 350.836 353.278 355.894 358.647 361.493 364.383 367.264 370.078 372.762 375.248 377.462 379.328 380.763 381.682 381.996 381.612 380.436 378.374 375.329 371.208 365.917 359.37 351.482 342.178 331.391 319.065 305.155 289.634 272.49 253.729 233.378 211.486 188.128 163.401 137.43 110.366 82.3866 53.6969 24.5275 -4.86614 -34.2058 -63.1929 -91.5115 -118.832 -144.816 -169.12 -191.402 -211.326 -228.57 -242.832 -253.835 -261.335 -265.129 -265.058 -261.017 -252.956 -240.888 -224.89 -205.108 -181.756 -155.117 -125.541 -93.4441 -59.2985 -23.6316 12.9845 49.9422 86.6085 122.338 156.484 188.415 217.528 243.262 265.113 282.648 295.519 303.475 306.37 304.175 296.983 285.013 268.61 248.248 224.522 198.143 169.929 140.791 111.722 83.7775 58.0583 35.6932 17.818 5.55619 
11.3709 28.5665 50.4728 75.9535 103.871 133.108 162.585 191.286 218.267 242.682 263.786 280.955 293.687 301.609 304.481 302.193 294.759 282.316 265.113 243.496 217.904 188.849 156.905 122.69 86.8541 50.0611 12.9768 -23.7463 -59.4812 -93.6381 -125.674 -155.102 -181.496 -204.498 -223.821 -239.248 -250.638 -257.919 -261.085 -260.198 -255.379 -246.802 -234.689 -219.304 -200.941 -179.927 -156.602 -131.323 -104.452 -76.3485 -47.3686 -17.856 11.8611 41.4741 70.6971 99.2697 126.958 153.558 178.892 202.814 225.205 245.975 265.06 282.422 298.045 311.934 324.116 334.633 343.542 350.913 356.826 361.372 364.645 366.745 367.777 367.844 367.051 365.502 363.299 360.54 357.319 353.727 349.85 345.767 341.555 337.282 333.013 328.806 324.716 320.789 317.071 313.598 310.406 307.522 304.975 302.783 300.967 299.539 298.512 297.892 297.685 297.892 298.512 299.539 300.967 302.783 304.975 307.522 310.406 313.598 317.071 320.789 324.716 328.806 333.013 337.282 341.555 345.767 349.85 353.727 357.319 360.54 363.299 365.502 367.051 367.844 367.777 366.745 364.645 361.372 356.827 350.913 343.542 334.633 324.116 311.934 298.045 282.422 265.06 245.975 225.205 202.814 178.892 153.558 126.958 99.2697 70.6971 41.4741 11.8611 -17.856 -47.3686 -76.3485 -104.452 -131.323 -156.602 -179.927 -200.941 -219.304 -234.689 -246.802 -255.379 -260.198 -261.085 -257.919 -250.638 -239.248 -223.821 -204.498 -181.496 -155.102 -125.674 -93.6381 -59.4812 -23.7463 12.9768 50.0611 86.8541 122.69 156.905 188.849 217.904 243.496 265.113 282.316 294.759 302.193 304.481 301.609 293.687 280.955 263.786 242.682 218.267 191.286 162.585 133.108 103.871 75.9535 50.4728 28.5665 11.3709 
17.0501 38.9545 64.5909 92.8247 122.532 152.62 182.051 209.859 235.169 257.21 275.327 288.991 297.806 301.509 299.97 293.192 281.301 264.542 243.262 217.904 188.989 157.104 122.882 86.99 50.1132 12.9371 -23.8651 -59.6465 -93.7985 -125.761 -155.033 -181.176 -203.824 -222.685 -237.542 -248.254 -254.754 -257.047 -255.207 -249.369 -239.724 -226.513 -210.02 -190.562 -168.485 -144.153 -117.943 -90.2359 -61.4118 -31.8425 -1.88652 28.1154 57.8447 87.0081 115.34 142.605 168.599 193.147 216.109 237.372 256.856 274.508 290.301 304.233 316.324 326.615 335.161 342.037 347.328 351.127 353.539 354.672 354.64 353.556 351.537 348.696 345.145 340.993 336.344 331.298 325.949 320.385 314.689 308.937 303.199 297.539 292.014 286.676 281.574 276.746 272.231 268.061 264.262 260.859 257.871 255.317 253.209 251.558 250.373 249.66 249.422 249.66 250.373 251.558 253.209 255.317 257.871 260.859 264.262 268.061 272.231 276.746 281.574 286.676 292.014 297.539 303.199 308.937 314.689 320.385 325.949 331.298 336.344 340.993 345.145 348.696 351.537 353.556 354.64 354.672 353.539 351.127 347.328 342.037 335.161 326.615 316.324 304.233 290.301 274.508 256.856 237.372 216.109 193.147 168.599 142.605 115.34 87.0081 57.8447 28.1154 -1.88652 -31.8425 -61.4118 -90.2359 -117.943 -144.153 -168.485 -190.562 -210.02 -226.513 -239.724 -249.369 -255.207 -257.047 -254.754 -248.254 -237.542 -222.685 -203.824 -181.176 -155.033 -125.761 -93.7985 -59.6465 -23.8651 12.9371 50.1132 86.99 122.882 157.104 188.989 217.904 243.262 264.542 281.301 293.192 299.97 301.509 297.806 288.991 275.327 257.21 235.169 209.859 182.051 152.62 122.532 92.8247 64.5909 38.9545 17.0501 
22.4905 48.793 77.7901 108.363 139.416 169.898 198.826 225.302 248.531 267.831 282.648 292.562 297.288 296.678 290.722 279.537 263.361 242.542 217.528 188.849 157.104 122.942 87.0495 50.1311 12.894 -23.9667 -59.783 -93.9259 -125.818 -154.94 -180.844 -203.153 -221.569 -235.872 -245.923 -251.661 -253.1 -250.325 -243.486 -232.793 -218.505 -200.928 -180.401 -157.292 -131.988 -104.887 -76.3918 -46.9011 -16.8042 13.5252 43.7336 73.4924 102.501 130.489 157.219 182.489 206.127 227.999 248.001 266.063 282.143 296.229 308.332 318.49 326.758 333.21 337.934 341.032 342.615 342.8 341.712 339.475 336.216 332.062 327.136 321.558 315.444 308.903 302.04 294.952 287.729 280.454 273.204 266.047 259.046 252.256 245.727 239.501 233.618 228.108 223.002 218.322 214.089 210.32 207.029 204.227 201.923 200.125 198.836 198.062 197.803 198.062 198.836 200.125 201.923 204.227 207.029 210.32 214.089 218.322 223.002 228.108 233.618 239.501 245.727 252.256 259.046 266.047 273.204 280.454 287.729 294.952 302.04 308.903 315.444 321.558 327.136 332.062 336.216 339.475 341.712 342.8 342.615 341.032 337.934 333.21 326.758 318.49 308.332 296.229 282.143 266.063 248.001 227.999 206.127 182.489 157.219 130.489 102.501 73.4924 43.7336 13.5252 -16.8042 -46.9011 -76.3918 -104.887 -131.988 -157.292 -180.401 -200.928 -218.505 -232.793 -243.486 -250.325 -253.1 -251.661 -245.923 -235.872 -221.569 -203.153 -180.844 -154.94 -125.818 -93.9259 -59.783 -23.9667 12.894 50.1311 87.0495 122.942 157.104 188.849 217.528 242.542 263.361 279.537 290.722 296.678 297.288 292.562 282.648 267.831 248.531 225.302 198.826 169.898 139.416 108.363 77.7901 48.793 22.4905 
27.5974 57.9106 89.8398 122.296 154.227 184.638 212.615 237.341 258.113 274.354 285.62 291.604 292.144 287.212 276.917 261.491 241.284 216.745 188.415 156.905 122.882 87.0495 50.1348 12.8674 -24.0346 -59.8802 -94.0191 -125.853 -154.848 -180.538 -202.537 -220.54 -234.322 -243.747 -248.757 -249.375 -245.697 -237.889 -226.177 -210.842 -192.211 -170.645 -146.536 -120.295 -92.3407 -63.0987 -32.9875 -2.41439 28.2311 58.5823 88.3003 117.077 144.638 170.745 195.195 217.824 238.503 257.137 273.668 288.068 300.339 310.509 318.631 324.779 329.044 331.532 332.363 331.663 329.567 326.212 321.738 316.285 309.989 302.983 295.396 287.35 278.96 270.334 261.571 252.763 243.993 235.336 226.858 218.619 210.67 203.057 195.818 188.986 182.588 176.647 171.181 166.206 161.733 157.771 154.327 151.406 149.012 147.148 145.816 145.016 144.749 145.016 145.816 147.148 149.012 151.406 154.327 157.771 161.733 166.206 171.181 176.647 182.588 188.986 195.818 203.057 210.67 218.619 226.858 235.336 243.993 252.763 261.571 270.334 278.96 287.35 295.396 302.983 309.989 316.285 321.738 326.212 329.567 331.663 332.363 331.532 329.044 324.779 318.631 310.509 300.339 288.068 273.668 257.137 238.503 217.824 195.195 170.745 144.638 117.077 88.3003 58.5823 28.2311 -2.41439 -32.9875 -63.0987 -92.3407 -120.295 -146.536 -170.645 -192.211 -210.842 -226.177 -237.889 -245.697 -249.375 -248.757 -243.747 -234.322 -220.54 -202.537 -180.538 -154.848 -125.853 -94.0191 -59.8802 -24.0346 12.8674 50.1348 87.0495 122.882 156.905 188.415 216.745 241.284 261.491 276.917 287.212 292.144 291.604 285.62 274.354 258.113 237.341 212.615 184.638 154.227 122.296 89.8398 57.9106 27.5974 
32.286 66.1553 100.539 134.392 166.719 196.594 223.187 245.776 263.761 276.678 284.201 286.149 282.481 273.295 258.818 239.399 215.492 187.646 156.484 122.69 86.99 50.1311 12.8674 -24.0584 -59.9309 -94.076 -125.874 -154.771 -180.286 -202.018 -219.653 -232.964 -241.811 -246.142 -245.985 -241.449 -232.714 -220.024 -203.68 -184.029 -161.459 -136.383 -109.237 -80.4633 -50.5098 -19.8157 11.1928 42.1099 72.5553 102.179 130.667 157.738 183.154 206.715 228.259 247.667 264.854 279.774 292.414 302.792 310.953 316.969 320.931 322.951 323.153 321.674 318.661 314.263 308.634 301.928 294.297 285.889 276.848 267.31 257.403 247.247 236.953 226.623 216.348 206.209 196.281 186.625 177.298 168.345 159.807 151.714 144.094 136.966 130.347 124.247 118.674 113.633 109.126 105.155 101.719 98.8164 96.4451 94.6033 93.2892 92.5014 92.2389 92.5014 93.2892 94.6033 96.4451 98.8164 101.719 105.155 109.126 113.633 118.674 124.247 130.347 136.966 144.094 151.714 159.807 168.345 177.298 186.625 196.281 206.209 216.348 226.623 236.953 247.247 257.403 267.31 276.848 285.889 294.297 301.928 308.634 314.263 318.661 321.674 323.153 322.951 320.931 316.969 310.953 302.792 292.414 279.774 264.854 247.667 228.259 206.715 183.154 157.738 130.667 102.179 72.5553 42.1099 11.1928 -19.8157 -50.5098 -80.4633 -109.237 -136.383 -161.459 -184.029 -203.68 -220.024 -232.714 -241.449 -245.985 -246.142 -241.811 -232.964 -219.653 -202.018 -180.286 -154.771 -125.874 -94.076 -59.9309 -24.0584 12.8674 50.1311 86.99 122.69 156.484 187.646 215.492 239.399 258.818 273.295 282.481 286.149 284.201 276.678 263.761 245.776 223.187 196.594 166.719 134.392 100.539 66.1553 32.286 
