-18.8041 -32.6081 -43.3883 -52.0728 -59.1682 -64.9837 -69.724 -73.5312 -76.5066 -78.7231 -80.2314 -81.0646 -81.2406 -80.7633 -79.6223 -77.7932 -75.235 -71.8878 -67.6669 -62.4549 -56.0857 -48.317 -38.7731 -26.8178 -11.2316 10.7172 26.2957 38.2356 47.756 55.4929 61.8214 66.9831 71.1433 74.4184 76.8917 78.6218 79.6476 79.9917 79.6612 78.6491 76.9332 74.4747 71.2152 67.0717 61.928 55.6191 47.9037 38.4069 26.4932 10.9438 -10.9724 -26.5221 -38.4365 -47.9344 -55.6513 -61.9621 -67.1082 -71.2544 -74.5172 -76.9797 -78.7001 -79.7174 -80.0538 -79.7166 -78.6986 -76.9773 -74.5141 -71.2504 -67.1033 -61.9562 -55.6444 -47.9263 -38.4272 -26.5114 -10.9602 10.9576 26.5088 38.4246 47.9236 55.6416 61.9533 67.1003 71.2473 74.5108 76.9738 78.6948 79.7126 80.0495 79.7128 78.6951 76.9742 74.5113 71.2479 67.101 61.9542 55.6426 47.9248 38.4259 26.5103 10.9593 -10.9584 -26.5094 -38.425 -47.9239 -55.6417 -61.9533 -67.1001 -71.2469 -74.5103 -76.9732 -78.694 -79.7116 -80.0484 -79.7114 -78.6936 -76.9725 -74.5094 -71.2458 -67.0987 -61.9517 -55.6399 -47.9218 -38.4226 -26.5068 -10.9554 10.9626 26.514 38.4299 47.9293 55.6476 61.9596 67.107 71.2545 74.5185 76.9821 78.7037 79.7223 80.06 79.7241 78.7075 76.9878 74.5262 71.2643 67.119 61.9741 55.6645 47.949 38.4527 26.5401 10.9923 -10.9217 -26.4685 -38.3794 -47.8731 -55.585 -61.8899 -67.0291 -71.1675 -74.4213 -76.8735 -78.5822 -79.5862 -79.9075 -79.5531 -78.5156 -76.7724 -74.2843 -70.9925 -66.8135 -61.6304 -55.2779 -47.5138 -37.9626 -25.988 -10.3703 11.6227 27.259 39.2709 48.8788 56.7198 63.1709 68.4755 72.8012 76.2671 78.9597 80.9413 82.255 82.9286 82.9755 82.396 81.177 79.291 76.6941 73.3222 69.0842 63.8511 57.4338 49.5398 39.6726 26.8733 8.95938 
-32.6081 -58.2401 -78.8721 -95.7349 -109.616 -121.043 -130.381 -137.894 -143.772 -148.154 -151.138 -152.786 -153.135 -152.19 -149.933 -146.315 -141.259 -134.649 -126.325 -116.067 -103.571 -88.4092 -69.9576 -47.2664 -18.8259 17.8046 46.23 68.8906 87.2957 102.394 114.81 124.968 133.172 139.639 144.527 147.948 149.977 150.658 150.004 148.002 144.609 139.75 133.314 125.144 115.021 102.645 87.5887 69.2306 46.622 18.2545 -18.3113 -46.6795 -69.2895 -87.6498 -102.709 -115.089 -125.216 -133.392 -139.835 -144.701 -148.103 -150.116 -150.781 -150.114 -148.1 -144.697 -139.829 -133.384 -125.206 -115.077 -102.695 -87.6338 -69.271 -46.6583 -18.2871 18.282 46.6531 69.2658 87.6284 102.69 115.071 125.2 133.378 139.822 144.69 148.093 150.106 150.773 150.106 148.093 144.69 139.823 133.379 125.202 115.073 102.692 87.6307 69.2684 46.6561 18.2853 -18.2835 -46.6543 -69.2666 -87.6289 -102.69 -115.071 -125.2 -133.377 -139.821 -144.688 -148.091 -150.104 -150.77 -150.104 -148.09 -144.687 -139.819 -133.375 -125.197 -115.068 -102.686 -87.6247 -69.2619 -46.649 -18.2775 18.2919 46.6634 69.2765 87.6396 102.701 115.084 125.214 133.392 139.837 144.706 148.111 150.125 150.794 150.129 148.118 144.717 139.853 133.412 125.238 115.113 102.735 87.6789 69.3217 46.7152 18.3509 -18.2105 -46.573 -69.1761 -87.5279 -102.577 -114.945 -125.059 -133.22 -139.644 -144.49 -147.869 -149.855 -150.491 -149.789 -147.737 -144.29 -139.372 -132.872 -124.631 -114.43 -101.967 -86.8147 -68.3487 -45.6192 -17.116 19.6023 48.1423 70.9458 89.5243 104.83 117.488 127.93 136.462 143.308 148.631 152.55 155.15 156.484 156.577 155.431 153.021 149.293 144.163 137.51 129.164 118.886 106.344 91.0527 72.2774 48.8614 18.9642 
-43.3883 -78.8721 -108.125 -132.378 -152.519 -169.19 -182.864 -193.891 -202.534 -208.984 -213.379 -215.808 -216.322 -214.929 -211.604 -206.276 -198.837 -189.125 -176.917 -161.917 -143.722 -121.791 -95.3818 -63.4644 -24.61 23.097 61.9291 93.8012 120.142 141.979 160.054 174.907 186.937 196.438 203.628 208.666 211.655 212.658 211.695 208.746 203.75 196.603 187.148 175.168 160.368 142.35 120.576 94.3049 62.5098 23.7635 -23.8478 -62.5951 -94.3923 -120.666 -142.445 -160.468 -175.275 -187.264 -196.729 -203.887 -208.896 -211.861 -212.841 -211.858 -208.892 -203.88 -196.719 -187.252 -175.261 -160.451 -142.425 -120.643 -94.3648 -62.5637 -23.8119 23.8042 62.556 94.357 120.635 142.417 160.443 175.252 187.243 196.71 203.87 208.881 211.847 212.829 211.847 208.881 203.871 196.711 187.245 175.254 160.445 142.42 120.638 94.3609 62.5604 23.8092 -23.8065 -62.5577 -94.3582 -120.635 -142.417 -160.442 -175.251 -187.242 -196.708 -203.868 -208.878 -211.844 -212.825 -211.843 -208.877 -203.866 -196.705 -187.238 -175.247 -160.438 -142.411 -120.629 -94.3512 -62.5498 -23.7976 23.819 62.5713 94.373 120.651 142.434 160.461 175.272 187.264 196.732 203.895 208.907 211.875 212.86 211.881 208.918 203.911 196.755 187.293 175.307 160.504 142.484 120.71 94.4401 62.6482 23.9066 -23.6981 -62.4371 -94.2239 -120.486 -142.25 -160.255 -175.042 -187.008 -196.446 -203.575 -208.549 -211.474 -212.41 -211.377 -208.353 -203.277 -196.043 -186.493 -174.408 -159.492 -141.346 -119.429 -92.9982 -61.0241 -22.0769 25.7603 64.762 96.8457 123.443 145.587 164.022 179.295 191.81 201.871 209.705 215.479 219.312 221.279 221.419 219.732 216.182 210.696 203.156 193.392 181.174 166.186 148.005 126.049 99.5227 67.3306 28.0359 
-52.0728 -95.7349 -132.378 -163.135 -188.891 -210.334 -227.992 -242.274 -253.489 -261.87 -267.585 -270.746 -271.415 -269.603 -265.275 -258.349 -248.688 -236.095 -220.303 -200.961 -177.609 -149.651 -116.314 -76.5996 -29.2465 27.2644 74.5881 114.243 147.491 175.326 198.522 217.671 233.23 245.547 254.884 261.431 265.32 266.625 265.372 261.537 255.044 245.764 233.507 218.012 198.932 175.812 148.059 114.903 75.3489 28.1375 -28.2482 -75.4609 -115.018 -148.178 -175.937 -199.064 -218.153 -233.659 -245.928 -255.223 -261.734 -265.589 -266.865 -265.586 -261.728 -255.214 -245.916 -233.643 -218.134 -199.041 -175.91 -148.147 -114.982 -75.4196 -28.2011 28.1909 75.4094 114.972 148.137 175.899 199.03 218.122 233.631 245.903 255.201 261.713 265.571 266.848 265.571 261.714 255.202 245.905 233.633 218.125 199.034 175.903 148.141 114.977 75.4153 28.1974 -28.1939 -75.4117 -114.973 -148.138 -175.9 -199.03 -218.122 -233.63 -245.901 -255.198 -261.71 -265.567 -266.844 -265.566 -261.708 -255.195 -245.898 -233.625 -218.116 -199.024 -175.892 -148.129 -114.964 -75.4012 -28.1822 28.2104 75.4297 114.993 148.159 175.923 199.055 218.149 233.659 245.933 255.233 261.748 265.608 266.889 265.616 261.763 255.255 245.963 233.697 218.195 199.111 175.988 148.235 115.081 75.5307 28.3255 -28.0515 -75.2533 -114.797 -147.941 -175.68 -198.785 -217.847 -233.323 -245.558 -254.813 -261.278 -265.082 -266.3 -264.955 -261.022 -254.423 -245.029 -232.648 -217.016 -197.785 -174.497 -146.557 -113.191 -73.4022 -25.9276 30.7538 78.2996 118.232 151.815 180.052 203.718 223.417 239.611 252.661 262.838 270.349 275.339 277.902 278.087 275.894 271.28 264.154 254.372 241.73 225.953 206.68 183.438 155.618 122.434 82.9023 35.849 
-59.1682 -109.616 -152.519 -188.891 -219.576 -245.262 -266.499 -283.723 -297.277 -307.421 -314.345 -318.178 -318.988 -316.791 -311.546 -303.158 -291.471 -276.263 -257.239 -234.014 -206.102 -172.891 -133.624 -87.3733 -33.041 30.619 84.9155 131.094 170.252 203.313 231.035 254.024 272.765 287.636 298.928 306.856 311.568 313.15 311.632 306.985 299.124 287.901 273.104 254.441 231.537 203.907 170.946 131.9 85.845 31.6856 -31.8214 -85.9824 -132.041 -171.092 -204.06 -231.699 -254.614 -273.29 -288.103 -299.344 -307.226 -311.897 -313.444 -311.894 -307.219 -299.333 -288.088 -273.271 -254.591 -231.671 -204.027 -171.054 -131.996 -85.9318 -31.7637 31.7511 85.9192 131.984 171.041 204.014 231.657 254.576 273.256 288.072 299.316 307.201 311.875 313.423 311.875 307.202 299.317 288.074 273.259 254.58 231.661 204.019 171.047 131.99 85.9264 31.7592 -31.7548 -85.922 -131.986 -171.042 -204.014 -231.656 -254.575 -273.254 -288.069 -299.312 -307.197 -311.87 -313.418 -311.869 -307.195 -299.309 -288.065 -273.248 -254.569 -231.649 -204.005 -171.032 -131.974 -85.909 -31.7403 31.7753 85.9442 132.01 171.068 204.043 231.687 254.609 273.29 288.109 299.356 307.244 311.921 313.474 311.93 307.262 299.383 288.146 273.337 254.666 231.756 204.123 171.162 132.118 86.068 31.9163 -31.5802 -85.7278 -131.769 -170.801 -203.745 -231.356 -254.239 -272.878 -287.649 -298.841 -306.668 -311.277 -312.752 -311.121 -306.355 -298.365 -287.003 -272.053 -253.224 -230.134 -202.299 -169.11 -129.807 -83.466 -28.9852 34.8831 89.4507 135.967 175.535 209.086 237.383 261.042 280.558 296.322 308.639 317.74 323.792 326.905 327.132 324.477 318.891 310.268 298.447 283.201 264.228 241.142 213.451 180.549 141.692 95.9962 42.4576 
-64.9837 -121.043 -169.19 -210.334 -245.262 -274.639 -299.017 -318.843 -334.475 -346.192 -354.198 -358.631 -359.569 -357.026 -350.96 -341.266 -327.774 -310.249 -288.375 -261.755 -229.894 -192.188 -147.916 -96.2291 -36.1631 33.3372 93.3614 144.964 189.108 226.641 258.28 284.627 306.17 323.304 336.337 345.497 350.945 352.776 351.02 345.647 336.565 323.614 306.565 285.113 258.866 227.334 189.919 145.904 94.4457 34.5814 -34.7405 -94.6068 -146.069 -190.09 -227.513 -259.055 -285.316 -306.783 -323.85 -336.822 -345.929 -351.331 -353.119 -351.326 -345.921 -336.809 -323.832 -306.761 -285.288 -259.023 -227.474 -190.045 -146.018 -94.5475 -34.6729 34.6581 94.5326 146.003 190.03 227.458 259.006 285.271 306.743 323.814 336.789 345.9 351.304 353.095 351.304 345.901 336.791 323.816 306.746 285.276 259.011 227.464 190.037 146.01 94.5412 34.6676 -34.6624 -94.5359 -146.005 -190.031 -227.459 -259.006 -285.27 -306.741 -323.81 -336.785 -345.895 -351.298 -353.088 -351.297 -345.892 -336.782 -323.805 -306.734 -285.262 -258.997 -227.448 -190.019 -145.991 -94.5205 -34.6452 34.6867 94.5623 146.033 190.062 227.493 259.042 285.31 306.784 323.857 336.836 345.95 351.358 353.154 351.369 345.971 336.868 323.9 306.839 285.377 259.123 227.587 190.172 146.16 94.7073 34.8519 -34.4577 -94.3083 -145.751 -189.749 -227.144 -258.654 -284.877 -306.301 -323.318 -336.234 -345.277 -350.605 -352.31 -350.423 -344.911 -335.679 -322.565 -305.339 -283.692 -257.228 -225.457 -187.775 -143.462 -91.6695 -31.4303 38.3129 98.6533 150.65 195.273 233.375 265.684 292.811 315.258 333.431 347.656 358.18 365.185 368.792 369.06 365.993 359.537 349.58 335.948 318.399 296.618 270.207 238.676 201.436 157.788 106.933 47.985 
-69.724 -130.381 -182.864 -227.992 -266.499 -299.017 -326.086 -348.156 -365.589 -378.674 -387.622 -392.581 -393.629 -390.785 -384.002 -373.17 -358.112 -338.582 -314.258 -284.738 -249.53 -208.052 -159.622 -103.464 -38.7196 35.5314 100.229 156.292 204.578 245.861 280.819 310.032 333.985 353.075 367.617 377.85 383.94 385.987 384.024 378.019 367.874 353.424 334.43 310.581 281.479 246.643 205.492 157.353 101.452 36.9347 -37.1152 -101.635 -157.54 -205.686 -246.846 -281.694 -310.81 -334.677 -353.691 -368.166 -378.339 -384.376 -386.376 -384.371 -378.329 -368.151 -353.671 -334.652 -310.779 -281.657 -246.802 -205.636 -157.481 -101.568 -37.0386 37.0216 101.551 157.464 205.618 246.784 281.638 310.759 334.631 353.65 368.128 378.305 384.346 386.348 384.346 378.307 368.131 353.653 334.635 310.764 281.644 246.791 205.626 157.473 101.56 37.0326 -37.0265 -101.554 -157.467 -205.619 -246.784 -281.638 -310.758 -334.629 -353.646 -368.124 -378.299 -384.339 -386.341 -384.337 -378.296 -368.12 -353.64 -334.621 -310.749 -281.627 -246.772 -205.605 -157.451 -101.537 -37.0068 37.0545 101.585 157.5 205.655 246.823 281.68 310.803 334.678 353.7 368.182 378.363 384.408 386.416 384.42 378.387 368.218 353.749 334.74 310.879 281.771 246.93 205.78 157.643 101.749 37.2417 -36.7943 -101.296 -157.179 -205.299 -246.428 -281.239 -310.313 -334.131 -353.089 -367.5 -377.601 -383.555 -385.461 -383.35 -377.188 -366.873 -352.239 -333.045 -308.975 -279.631 -244.524 -203.073 -154.597 -98.3195 -33.3794 41.1454 106.2 162.707 211.532 253.456 289.169 319.26 344.23 364.489 380.373 392.138 399.978 404.017 404.322 400.896 393.684 382.568 367.366 347.83 323.638 294.392 259.611 218.729 171.091 115.964 52.5492 
-73.5312 -137.894 -193.891 -242.274 -283.723 -318.843 -348.156 -372.104 -391.053 -405.291 -415.037 -420.44 -421.583 -418.483 -411.093 -399.3 -382.923 -361.71 -335.338 -303.407 -265.437 -220.867 -169.056 -109.287 -40.7823 37.2789 105.732 165.397 217.05 261.406 299.102 330.696 356.662 377.393 393.207 404.345 410.979 413.209 411.071 404.532 393.49 377.777 357.152 331.299 299.828 262.265 218.055 166.562 107.075 38.8203 -39.02 -107.278 -166.769 -218.27 -262.49 -300.066 -331.553 -357.424 -378.072 -393.812 -404.884 -411.459 -413.638 -411.454 -404.873 -393.795 -378.05 -357.396 -331.519 -300.025 -262.441 -218.213 -166.704 -107.203 -38.9354 38.9163 107.184 166.685 218.193 262.421 300.003 331.497 357.373 378.026 393.77 404.846 411.425 413.607 411.426 404.848 393.773 378.03 357.378 331.502 300.01 262.428 218.202 166.695 107.195 38.9287 -38.9218 -107.188 -166.688 -218.195 -262.421 -300.003 -331.495 -357.37 -378.022 -393.765 -404.84 -411.417 -413.598 -411.416 -404.837 -393.76 -378.015 -357.362 -331.485 -299.991 -262.408 -218.18 -166.67 -107.168 -38.8997 38.9532 107.222 166.725 218.235 262.465 300.05 331.546 357.426 378.082 393.83 404.911 411.495 413.683 411.508 404.937 393.87 378.136 357.494 331.63 300.151 262.583 218.373 166.884 107.404 39.1601 -38.6649 -106.903 -166.37 -217.842 -262.027 -299.563 -331.004 -356.821 -377.408 -393.077 -404.07 -410.554 -412.63 -410.329 -403.616 -392.388 -376.474 -355.628 -329.534 -297.795 -259.935 -215.395 -163.533 -103.632 -34.9131 43.4486 112.293 172.445 224.69 269.75 308.274 340.831 367.911 389.924 407.207 420.023 428.57 432.978 433.315 429.587 421.735 409.641 393.118 371.916 345.712 314.112 276.648 232.777 181.883 123.284 56.2471 
-76.5066 -143.772 -202.534 -253.489 -297.277 -334.475 -365.589 -391.053 -411.227 -426.401 -436.794 -442.559 -443.779 -440.471 -432.588 -420.015 -402.568 -379.996 -351.976 -318.115 -277.943 -230.923 -176.447 -113.845 -42.4016 38.6344 110.023 172.513 226.82 273.611 313.489 346.989 374.573 396.629 413.473 425.346 432.42 434.8 432.52 425.546 413.777 397.042 375.1 347.638 314.269 274.534 227.9 173.766 111.467 40.2912 -40.5076 -111.686 -173.99 -228.133 -274.777 -314.526 -347.912 -375.394 -397.361 -414.124 -425.926 -432.938 -435.263 -432.933 -425.915 -414.107 -397.337 -375.364 -347.875 -314.482 -274.725 -228.072 -173.92 -111.606 -40.4161 40.395 111.585 173.898 228.05 274.703 314.458 347.85 375.339 397.311 414.079 425.885 432.901 435.229 432.902 425.887 414.082 397.315 375.344 347.857 314.466 274.711 228.06 173.909 111.597 40.4087 -40.401 -111.589 -173.902 -228.052 -274.703 -314.458 -347.848 -375.336 -397.306 -414.073 -425.878 -432.893 -435.219 -432.891 -425.874 -414.067 -397.299 -375.327 -347.837 -314.445 -274.688 -228.035 -173.882 -111.567 -40.3766 40.4357 111.627 173.942 228.096 274.751 314.51 347.905 375.397 397.372 414.145 425.956 432.978 435.311 432.992 425.985 414.188 397.431 375.471 347.996 314.619 274.879 228.245 174.114 111.824 40.6597 -40.1226 -111.28 -173.558 -227.669 -274.277 -313.982 -347.318 -374.743 -396.643 -413.331 -425.047 -431.962 -434.175 -431.719 -424.559 -412.59 -395.638 -373.46 -345.737 -312.081 -272.028 -225.038 -170.507 -107.764 -36.0895 45.2694 117.078 180.092 235.034 282.58 323.346 357.88 386.659 410.09 428.507 442.178 451.301 456.01 456.374 452.4 444.03 431.142 413.55 391.003 363.181 329.696 290.093 243.849 190.379 129.043 59.1552 
-78.7231 -148.154 -208.984 -261.87 -307.421 -346.192 -378.674 -405.291 -426.401 -442.291 -453.181 -459.223 -460.502 -457.035 -448.774 -435.603 -417.339 -393.73 -364.457 -329.132 -287.299 -238.436 -181.963 -117.246 -43.6129 39.6373 113.213 177.812 234.107 282.728 324.253 359.197 388.012 411.079 428.709 441.144 448.557 451.051 448.662 441.355 429.029 411.514 388.568 359.882 325.076 283.702 235.247 179.134 114.736 41.3848 -41.6154 -114.969 -179.373 -235.494 -283.961 -325.35 -360.174 -388.881 -411.853 -429.398 -441.759 -449.106 -451.541 -449.1 -441.747 -429.38 -411.827 -388.849 -360.134 -325.302 -283.905 -235.429 -179.298 -114.884 -41.5181 41.4952 114.861 179.274 235.405 283.881 325.277 360.108 388.822 411.799 429.349 441.715 449.065 451.505 449.067 441.717 429.353 411.803 388.827 360.115 325.285 283.89 235.416 179.286 114.874 41.5101 -41.5016 -114.866 -179.278 -235.407 -283.882 -325.276 -360.106 -388.818 -411.794 -429.343 -441.707 -449.056 -451.494 -449.054 -441.703 -429.337 -411.786 -388.808 -360.094 -325.262 -283.865 -235.388 -179.257 -114.842 -41.4751 41.5395 114.907 179.322 235.455 283.934 325.333 360.166 388.884 411.865 429.421 441.791 449.148 451.594 449.163 441.822 429.467 411.928 388.963 360.264 325.449 284.07 235.614 179.505 115.116 41.7777 -41.2051 -114.537 -178.912 -235.001 -283.429 -324.772 -359.542 -388.189 -411.091 -428.557 -440.826 -448.07 -450.389 -447.814 -440.311 -427.774 -410.03 -386.835 -357.874 -322.765 -281.055 -232.224 -175.693 -110.827 -36.9502 46.6404 120.658 185.809 242.773 292.19 334.65 370.683 400.756 425.268 444.554 458.88 468.445 473.386 473.772 469.609 460.842 447.347 428.938 405.366 376.313 341.399 300.178 252.146 196.741 133.352 61.3309 
-80.2314 -151.138 -213.379 -267.585 -314.345 -354.198 -387.622 -415.037 -436.794 -453.181 -464.416 -470.651 -471.97 -468.393 -459.869 -446.284 -427.453 -403.128 -372.991 -336.658 -293.684 -243.559 -185.722 -119.564 -44.441 40.3152 115.378 181.415 239.067 288.942 331.597 367.536 397.2 420.964 439.139 451.964 459.612 462.186 459.721 452.184 439.472 421.416 397.776 368.246 332.451 289.953 240.25 182.786 116.958 42.1276 -42.3695 -117.203 -183.037 -240.509 -290.224 -332.738 -368.552 -398.104 -421.77 -439.858 -452.605 -460.184 -462.697 -460.178 -452.592 -439.838 -421.744 -398.07 -368.51 -332.688 -290.166 -240.441 -182.958 -117.114 -42.2676 42.2431 117.089 182.933 240.416 290.139 332.661 368.482 398.041 421.713 439.806 452.558 460.141 462.658 460.143 452.56 439.809 421.718 398.047 368.489 332.67 290.149 240.427 182.946 117.104 42.2591 -42.2499 -117.094 -182.937 -240.418 -290.14 -332.66 -368.479 -398.037 -421.708 -439.799 -452.55 -460.131 -462.646 -460.129 -452.545 -439.792 -421.699 -398.026 -368.467 -332.645 -290.122 -240.397 -182.914 -117.069 -42.2215 42.2906 117.138 182.985 240.469 290.196 332.721 368.545 398.108 421.784 439.882 452.64 460.229 462.753 460.245 452.672 439.93 421.85 398.191 368.647 332.843 290.339 240.636 183.176 117.358 42.5401 -41.9388 -116.749 -182.554 -239.992 -289.666 -332.133 -367.891 -397.38 -420.974 -438.978 -451.632 -459.104 -461.495 -458.838 -451.097 -438.166 -419.873 -395.974 -366.16 -330.05 -287.203 -237.111 -179.214 -112.9 -37.5249 47.584 123.106 189.714 248.059 298.758 342.381 379.447 410.413 435.674 455.562 470.342 480.215 485.316 485.717 481.425 472.381 458.465 439.491 415.209 385.306 349.407 307.075 257.817 201.087 136.295 62.816 
-81.0646 -152.786 -215.808 -270.746 -318.178 -358.631 -392.581 -420.44 -442.559 -459.223 -470.651 -476.993 -478.336 -474.697 -466.026 -452.209 -433.063 -408.338 -377.719 -340.827 -297.218 -246.394 -187.803 -120.848 -44.9017 40.6859 116.571 183.402 241.806 292.375 335.658 372.15 402.286 426.44 444.919 457.962 465.741 468.359 465.852 458.186 445.259 426.902 402.875 372.875 336.531 293.408 243.013 184.802 118.184 42.5364 -42.7869 -118.438 -185.061 -243.281 -293.688 -336.827 -373.19 -403.213 -427.267 -445.656 -458.62 -466.329 -468.885 -466.322 -458.607 -445.636 -427.239 -403.178 -373.147 -336.775 -293.627 -243.211 -184.981 -118.345 -42.6817 42.6556 118.319 184.954 243.184 293.6 336.747 373.118 403.147 427.207 445.602 458.571 466.284 468.844 466.285 458.573 445.606 427.212 403.154 373.126 336.756 293.61 243.196 184.968 118.335 42.6728 -42.6628 -118.325 -184.958 -243.186 -293.6 -336.745 -373.115 -403.143 -427.201 -445.594 -458.562 -466.273 -468.832 -466.271 -458.557 -445.588 -427.192 -403.132 -373.101 -336.729 -293.581 -243.165 -184.934 -118.298 -42.6327 42.7062 118.371 185.008 243.241 293.659 336.809 373.184 403.218 427.282 445.682 458.657 466.376 468.944 466.393 458.69 445.732 427.35 403.304 373.29 336.936 293.808 243.413 185.207 118.598 42.9639 -42.3408 -117.968 -184.562 -242.747 -293.112 -336.201 -372.509 -402.467 -426.446 -444.751 -457.619 -465.218 -467.65 -464.947 -457.072 -443.921 -425.321 -401.03 -370.74 -334.074 -290.594 -239.804 -181.15 -114.037 -37.8329 48.1146 124.467 191.881 250.991 302.401 346.671 384.311 415.774 441.453 461.677 476.711 486.756 491.947 492.357 487.991 478.792 464.641 445.35 420.673 390.296 353.849 310.899 260.959 203.494 137.924 63.6384 
-81.2406 -153.135 -216.322 -271.415 -318.988 -359.569 -393.629 -421.583 -443.779 -460.502 -471.97 -478.336 -479.684 -476.032 -467.33 -453.465 -434.252 -409.442 -378.722 -341.711 -297.969 -246.997 -188.246 -121.124 -45.0037 40.7593 116.818 183.816 242.378 293.094 336.51 373.118 403.355 427.591 446.135 459.224 467.031 469.659 467.143 459.449 446.477 428.056 403.948 373.849 337.388 294.133 243.593 185.225 118.441 42.6207 -42.8767 -118.7 -185.49 -243.867 -294.42 -337.69 -374.17 -404.292 -428.428 -446.881 -459.89 -467.626 -470.191 -467.619 -459.876 -446.86 -428.399 -404.256 -374.126 -337.638 -294.358 -243.796 -185.407 -118.606 -42.7695 42.7421 118.578 185.379 243.767 294.329 337.608 374.095 404.224 428.366 446.824 459.839 467.58 470.149 467.581 459.842 446.829 428.371 404.231 374.103 337.617 294.34 243.78 185.394 118.594 42.7602 -42.7496 -118.584 -185.383 -243.769 -294.329 -337.606 -374.092 -404.219 -428.359 -446.816 -459.829 -467.568 -470.136 -467.566 -459.824 -446.809 -428.35 -404.208 -374.078 -337.589 -294.31 -243.747 -185.358 -118.555 -42.7178 42.7953 118.633 185.437 243.827 294.391 337.673 374.165 404.298 428.444 446.908 459.929 467.676 470.253 467.693 459.962 446.959 428.513 404.386 374.273 337.803 294.543 244.003 185.639 118.864 43.0581 -42.4204 -118.219 -184.98 -243.322 -293.832 -337.053 -373.476 -403.533 -427.593 -445.961 -458.874 -466.5 -468.94 -466.226 -458.323 -445.125 -426.46 -402.086 -371.694 -334.911 -291.298 -240.359 -181.545 -114.263 -37.8846 48.24 124.768 192.352 251.623 303.183 347.59 385.351 416.92 442.687 462.982 478.069 488.15 493.36 493.771 489.389 480.158 465.955 446.597 421.835 391.358 354.793 311.711 261.627 204.005 138.271 63.8131 
-80.7633 -152.19 -214.929 -269.603 -316.791 -357.026 -390.785 -418.483 -440.471 -457.035 -468.393 -474.697 -476.032 -472.415 -463.799 -450.067 -431.036 -406.458 -376.014 -339.326 -295.948 -245.379 -187.062 -120.396 -44.7487 40.5372 116.124 182.667 240.797 291.114 334.169 370.459 400.424 424.436 442.804 455.768 463.499 466.102 463.61 455.992 443.144 424.897 401.012 371.184 335.04 292.145 242.002 184.063 117.733 42.3822 -42.6409 -117.995 -184.331 -242.279 -292.433 -335.344 -371.507 -401.358 -425.27 -443.549 -456.434 -464.095 -466.635 -464.088 -456.42 -443.528 -425.242 -401.322 -371.463 -335.291 -292.371 -242.206 -184.248 -117.9 -42.533 42.5043 117.871 184.219 242.177 292.341 335.26 371.43 401.289 425.207 443.491 456.381 464.047 466.591 464.048 456.384 443.496 425.212 401.296 371.439 335.27 292.353 242.19 184.234 117.888 42.5233 -42.512 -117.877 -184.223 -242.179 -292.341 -335.258 -371.427 -401.284 -425.2 -443.483 -456.371 -464.035 -466.577 -464.032 -456.366 -443.475 -425.19 -401.271 -371.412 -335.241 -292.32 -242.155 -184.196 -117.847 -42.4789 42.5599 117.928 184.278 242.239 292.406 335.328 371.503 401.365 425.288 443.578 456.474 464.146 466.698 464.163 456.508 443.63 425.358 401.454 371.612 335.459 292.559 242.417 184.482 118.161 42.8246 -42.1795 -117.509 -183.816 -241.728 -291.841 -334.703 -370.809 -400.595 -424.433 -442.627 -455.415 -462.967 -465.383 -462.696 -454.869 -441.797 -423.308 -399.159 -369.041 -332.577 -289.327 -238.789 -180.41 -113.586 -37.6823 47.9616 124.013 191.135 249.968 301.119 345.154 382.585 413.867 439.393 459.494 474.434 484.416 489.573 489.978 485.637 476.493 462.426 443.248 418.712 388.506 352.255 309.527 259.832 202.63 137.34 63.3433 
-79.6223 -149.933 -211.604 -265.275 -311.546 -350.96 -384.002 -411.093 -432.588 -448.774 -459.869 -466.026 -467.33 -463.799 -455.384 -441.968 -423.369 -399.337 -369.552 -333.631 -291.12 -241.508 -184.225 -118.652 -44.1319 40.0143 114.475 179.929 237.031 286.396 328.592 364.126 393.445 416.925 434.878 447.544 455.097 457.639 455.206 447.763 435.21 417.375 394.02 364.835 329.443 287.403 238.208 181.293 116.046 41.8157 -42.0741 -116.307 -181.56 -238.483 -287.691 -329.746 -365.156 -394.364 -417.746 -435.611 -448.201 -455.684 -458.165 -455.677 -448.187 -435.59 -417.717 -394.327 -365.112 -329.693 -287.629 -238.411 -181.477 -116.213 -41.9668 41.9371 116.183 181.447 238.381 287.597 329.661 365.078 394.293 417.681 435.553 448.147 455.636 458.121 455.637 448.15 435.557 417.687 394.3 365.088 329.672 287.61 238.395 181.463 116.201 41.9569 -41.945 -116.189 -181.451 -238.383 -287.597 -329.659 -365.075 -394.288 -417.674 -435.544 -448.136 -455.623 -458.106 -455.62 -448.131 -435.536 -417.664 -394.275 -365.059 -329.641 -287.576 -238.358 -181.423 -116.158 -41.9107 41.9948 116.243 181.509 238.445 287.665 329.732 365.153 394.372 417.765 435.642 448.242 455.737 458.23 455.754 448.276 435.693 417.835 394.461 365.262 329.862 287.817 238.622 181.712 116.475 42.2582 -41.6129 -115.823 -181.046 -237.934 -287.101 -329.108 -364.462 -393.606 -416.916 -434.698 -447.193 -454.57 -456.93 -454.305 -446.659 -433.887 -415.816 -392.202 -362.734 -327.03 -284.643 -235.062 -177.718 -111.99 -37.2199 47.2753 122.189 188.207 245.993 296.171 339.322 375.968 406.569 431.524 451.166 465.759 475.505 480.538 480.931 476.688 467.754 454.005 435.258 411.26 381.699 346.195 304.309 255.542 199.344 135.115 62.2205 
-77.7932 -146.315 -206.276 -258.349 -303.158 -341.266 -373.17 -399.3 -420.015 -435.603 -446.284 -452.209 -453.465 -450.067 -441.968 -429.052 -411.136 -387.968 -359.228 -324.523 -283.394 -235.309 -179.679 -115.853 -43.1415 39.1771 111.832 175.543 231 278.848 319.677 354.01 382.303 404.941 422.238 434.435 441.705 444.152 441.81 434.646 422.558 405.375 382.857 354.691 320.496 279.817 232.132 176.855 113.343 40.9087 -41.1639 -113.601 -177.118 -232.404 -280.1 -320.794 -355.007 -383.194 -405.738 -422.95 -435.073 -442.277 -444.664 -442.27 -435.059 -422.93 -405.71 -383.158 -354.963 -320.741 -280.039 -232.333 -177.037 -113.508 -41.0584 41.0279 113.477 177.006 232.301 280.007 320.708 354.929 383.123 405.673 422.891 435.019 442.227 444.619 442.229 435.022 422.896 405.679 383.131 354.939 320.72 280.02 232.316 177.022 113.496 41.0483 -41.0359 -113.483 -177.01 -232.303 -280.007 -320.707 -354.926 -383.117 -405.666 -422.882 -435.007 -442.214 -444.604 -442.211 -435.002 -422.874 -405.655 -383.104 -354.909 -320.687 -279.985 -232.278 -176.981 -113.451 -41.0006 41.0874 113.539 177.07 232.368 280.076 320.781 355.006 383.204 405.758 422.982 435.115 442.33 444.73 442.347 435.149 423.033 405.828 383.292 355.113 320.909 280.227 232.542 177.27 113.767 41.3464 -40.708 -113.122 -176.611 -231.863 -279.519 -320.166 -354.326 -382.452 -404.925 -422.058 -434.089 -441.19 -443.461 -440.934 -433.574 -421.276 -403.866 -381.099 -352.662 -318.166 -277.154 -229.099 -173.409 -109.435 -36.483 46.1704 119.26 183.512 239.624 288.252 329.996 365.394 394.918 418.97 437.886 451.931 461.306 466.145 466.518 462.431 453.827 440.585 422.517 399.372 370.833 336.516 295.971 248.686 194.088 131.555 60.4238 
-75.235 -141.259 -198.837 -248.688 -291.471 -327.774 -358.112 -382.923 -402.568 -417.339 -427.453 -433.063 -434.252 -431.036 -423.369 -411.136 -394.154 -372.173 -344.868 -311.842 -272.621 -226.657 -173.327 -111.942 -41.7579 38.0034 108.134 169.411 222.578 268.32 307.257 339.933 366.817 388.3 404.697 416.252 423.137 425.453 423.236 416.452 405 388.71 367.341 340.578 308.032 269.236 223.649 170.652 109.562 39.64 -39.8893 -109.814 -170.909 -223.914 -269.512 -308.321 -340.884 -367.668 -389.061 -405.379 -416.864 -423.685 -425.946 -423.679 -416.85 -405.359 -389.034 -367.633 -340.842 -308.27 -269.452 -223.845 -170.83 -109.724 -39.7869 39.7556 109.692 170.798 223.812 269.42 308.237 340.807 367.597 388.997 405.32 416.81 423.636 425.901 423.638 416.813 405.325 389.003 367.605 340.817 308.248 269.433 223.827 170.815 109.711 39.7766 -39.7637 -109.698 -170.802 -223.814 -269.42 -308.235 -340.803 -367.591 -388.989 -405.31 -416.798 -423.622 -425.884 -423.619 -416.792 -405.302 -388.978 -367.577 -340.787 -308.215 -269.397 -223.788 -170.773 -109.666 -39.7275 39.8166 109.755 170.863 223.88 269.49 308.311 340.885 367.679 389.083 405.412 416.907 423.739 426.011 423.756 416.94 405.462 389.151 367.765 340.99 308.436 269.637 224.05 171.058 109.977 40.0683 -39.4434 -109.346 -170.414 -223.386 -268.947 -307.712 -340.224 -366.949 -388.276 -404.518 -415.916 -422.64 -424.79 -422.398 -415.428 -403.778 -387.272 -365.668 -338.648 -305.817 -266.707 -220.77 -167.384 -105.858 -35.4478 44.6292 115.169 176.956 230.74 277.217 317.015 350.695 378.738 401.553 419.476 432.773 441.643 446.217 446.565 442.692 434.54 421.989 404.853 382.879 355.747 323.066 284.374 239.141 186.767 126.595 57.9192 
-71.8878 -134.649 -189.125 -236.095 -276.263 -310.249 -338.582 -361.71 -379.996 -393.73 -403.128 -408.338 -409.442 -406.458 -399.337 -387.968 -372.173 -351.701 -326.228 -295.354 -258.592 -215.371 -165.03 -106.828 -39.9518 36.4608 103.288 161.391 211.58 254.597 291.097 321.648 346.732 366.743 381.999 392.74 399.136 401.287 399.228 392.926 382.281 367.125 347.219 322.248 291.817 255.448 212.574 162.542 104.613 37.9786 -38.2194 -104.856 -162.79 -212.83 -255.713 -292.095 -322.542 -347.532 -367.46 -382.642 -393.318 -399.655 -401.754 -399.649 -393.305 -382.623 -367.434 -347.498 -322.5 -292.046 -255.656 -212.763 -162.714 -104.77 -38.1212 38.0893 104.738 162.681 212.73 255.622 292.012 322.465 347.462 367.396 382.584 393.264 399.606 401.709 399.608 393.267 382.589 367.403 347.47 322.476 292.024 255.636 212.746 162.699 104.757 38.1109 -38.0974 -104.744 -162.685 -212.732 -255.622 -292.01 -322.461 -347.456 -367.388 -382.573 -393.252 -399.591 -401.693 -399.589 -393.246 -382.565 -367.377 -347.442 -322.444 -291.99 -255.599 -212.706 -162.656 -104.71 -38.0606 38.1515 104.802 162.748 212.799 255.694 292.087 322.544 347.544 367.483 382.676 393.361 399.709 401.82 399.725 393.394 382.724 367.549 347.628 322.646 292.208 255.836 212.963 162.936 105.015 38.3932 -37.7882 -104.404 -162.313 -212.322 -255.17 -291.511 -321.91 -346.845 -366.711 -381.823 -392.418 -398.664 -400.661 -398.439 -391.963 -381.133 -365.777 -345.653 -320.443 -289.749 -253.088 -209.891 -159.498 -101.165 -34.0794 42.6251 109.831 168.404 219.164 262.858 300.154 331.632 357.785 379.027 395.692 408.044 416.275 420.516 420.833 417.231 409.652 397.979 382.026 361.543 336.209 305.626 269.32 226.737 177.244 120.139 54.6581 
-67.6669 -126.325 -176.917 -220.303 -257.239 -288.375 -314.258 -335.338 -351.976 -364.457 -372.991 -377.719 -378.722 -376.014 -369.552 -359.228 -344.868 -326.228 -302.991 -274.754 -241.023 -201.204 -154.595 -100.39 -37.6818 34.5034 97.167 151.283 197.756 237.39 270.886 298.832 321.719 339.943 353.816 363.573 369.38 371.333 369.464 363.742 354.072 340.29 322.162 299.377 271.54 238.164 198.659 152.329 98.3698 35.8807 -36.1105 -98.6018 -152.565 -198.902 -238.416 -271.804 -299.655 -322.457 -340.606 -354.412 -364.11 -369.863 -371.768 -369.857 -364.097 -354.393 -340.58 -322.425 -299.616 -271.757 -238.361 -198.839 -152.493 -98.5196 -36.0176 35.9853 98.4872 152.46 198.806 238.328 271.723 299.581 322.389 340.543 354.354 364.057 369.814 371.724 369.816 364.06 354.359 340.55 322.397 299.591 271.735 238.342 198.821 152.478 98.5071 36.0073 -35.9934 -98.4931 -152.464 -198.807 -238.327 -271.721 -299.576 -322.382 -340.534 -354.343 -364.044 -369.799 -371.706 -369.796 -364.038 -354.335 -340.523 -322.368 -299.559 -271.7 -238.304 -198.78 -152.434 -98.4595 -35.9561 36.0483 98.5521 152.527 198.875 238.4 271.798 299.66 322.472 340.63 354.446 364.154 369.917 371.833 369.933 364.184 354.492 340.692 322.551 299.757 271.914 238.535 199.031 152.706 98.7549 36.2774 -35.6984 -98.1704 -152.11 -198.419 -237.901 -271.251 -299.058 -321.81 -339.902 -353.643 -363.268 -368.938 -370.75 -368.733 -362.854 -353.015 -339.051 -320.725 -297.723 -269.647 -236.006 -196.208 -149.551 -95.2269 -32.3293 40.1197 103.125 157.666 204.653 244.899 279.112 307.893 331.745 351.078 366.223 377.434 384.898 388.74 389.021 385.746 378.86 368.247 353.729 335.059 311.919 283.909 250.542 211.242 165.334 112.057 50.5744 
-62.4549 -116.067 -161.917 -200.961 -234.014 -261.755 -284.738 -303.407 -318.115 -329.132 -336.658 -340.827 -341.711 -339.326 -333.631 -324.523 -311.842 -295.354 -274.754 -249.648 -219.542 -183.826 -141.758 -92.4533 -34.889 32.0678 89.5933 138.819 180.769 216.324 246.223 271.075 291.369 307.492 319.748 328.358 333.478 335.2 333.553 328.508 319.975 307.8 291.761 271.558 246.803 217.008 181.568 139.744 90.6568 33.2848 -33.5014 -90.8754 -139.967 -181.796 -217.245 -247.05 -271.818 -292.036 -308.093 -320.289 -328.846 -333.919 -335.598 -333.913 -328.834 -320.271 -308.069 -292.006 -271.781 -247.006 -217.194 -181.737 -139.899 -90.7985 -33.4147 33.3822 90.7658 139.866 181.704 217.16 246.972 271.746 291.97 308.032 320.232 328.794 333.871 335.554 333.873 328.798 320.238 308.039 291.978 271.756 246.984 217.174 181.72 139.884 90.786 33.4045 -33.3902 -90.7717 -139.87 -181.706 -217.159 -246.969 -271.741 -291.963 -308.023 -320.221 -328.781 -333.856 -335.537 -333.853 -328.775 -320.213 -308.012 -291.948 -271.723 -246.949 -217.135 -181.678 -139.839 -90.7378 -33.3526 33.4458 90.8313 139.934 181.774 217.232 247.048 271.825 292.052 308.119 320.324 328.89 333.973 335.662 333.988 328.919 320.368 308.178 292.127 271.916 247.156 217.36 181.92 140.101 91.0212 33.6599 -33.1122 -90.4686 -139.539 -181.343 -216.763 -246.534 -271.262 -291.436 -307.442 -319.58 -328.072 -333.071 -334.667 -332.888 -327.704 -319.022 -306.686 -290.471 -270.076 -245.11 -215.082 -179.383 -137.271 -87.862 -30.1307 37.058 94.8834 144.482 186.882 222.973 253.501 279.084 300.222 317.318 330.687 340.57 347.144 350.523 350.765 347.872 341.794 332.421 319.584 303.047 282.499 257.547 227.699 192.354 150.793 102.181 45.5826 
-56.0857 -103.571 -143.722 -177.609 -206.102 -229.894 -249.53 -265.437 -277.943 -287.299 -293.684 -297.218 -297.969 -295.948 -291.12 -283.394 -272.621 -258.592 -241.023 -219.542 -193.671 -162.799 -126.156 -82.7769 -31.4889 29.0635 80.3189 123.633 160.176 190.912 216.609 237.877 255.188 268.911 279.324 286.632 290.975 292.435 291.039 286.761 279.519 269.175 255.525 238.291 217.107 191.498 160.86 124.424 81.2281 30.1031 -30.3046 -81.4313 -124.631 -161.072 -191.717 -217.334 -238.53 -255.777 -269.442 -279.804 -287.067 -291.369 -292.792 -291.364 -287.056 -279.788 -269.42 -255.749 -238.495 -217.294 -191.67 -161.017 -124.568 -81.3606 -30.225 30.1923 81.3278 124.535 160.984 191.636 217.259 238.46 255.713 269.383 279.75 287.016 291.322 292.75 291.324 287.02 279.755 269.39 255.722 238.471 217.272 191.65 161 124.553 81.3483 30.2149 -30.2002 -81.3336 -124.539 -160.985 -191.635 -217.256 -238.455 -255.706 -269.374 -279.738 -287.003 -291.307 -292.731 -291.304 -286.997 -279.73 -269.362 -255.691 -238.438 -217.235 -191.611 -160.958 -124.508 -81.2994 -30.1625 30.2563 81.3936 124.603 161.054 191.708 217.335 238.539 255.795 269.469 279.84 287.111 291.422 292.855 291.436 287.138 279.881 269.524 255.865 238.624 217.436 191.826 161.19 124.758 81.5687 30.4533 -29.9418 -81.053 -124.233 -160.653 -191.272 -216.86 -238.021 -255.229 -268.851 -279.163 -286.369 -290.608 -291.96 -290.45 -286.052 -278.682 -268.199 -254.399 -237.001 -215.636 -189.828 -158.97 -122.288 -78.8194 -27.3894 33.3594 84.8686 128.497 165.421 196.608 222.836 244.719 262.743 277.284 288.635 297.017 302.585 305.443 305.642 303.185 298.023 290.059 279.138 265.044 247.485 226.083 200.353 169.682 133.304 90.2922 39.5746 
-48.317 -88.4092 -121.791 -149.651 -172.891 -192.188 -208.052 -220.867 -230.923 -238.436 -243.559 -246.394 -246.997 -245.379 -241.508 -235.309 -226.657 -215.371 -201.204 -183.826 -162.799 -137.545 -107.291 -71.0091 -27.3531 25.3562 68.9863 105.216 135.391 160.537 181.426 198.634 212.596 223.639 232.006 237.872 241.356 242.527 241.408 237.978 232.166 223.857 212.873 198.974 181.834 161.018 135.951 105.863 69.7287 26.2039 -26.3886 -69.9148 -106.052 -136.144 -161.217 -182.04 -199.189 -213.099 -224.095 -232.42 -238.248 -241.698 -242.839 -241.693 -238.238 -232.404 -224.075 -213.073 -199.158 -182.003 -161.174 -136.095 -105.995 -69.8509 -26.3169 26.2841 69.818 105.962 136.061 161.14 181.969 199.123 213.038 224.038 232.367 238.199 241.653 242.797 241.654 238.202 232.372 224.045 213.047 199.134 181.981 161.155 136.078 105.981 69.8387 26.3069 -26.2919 -69.8237 -105.966 -136.062 -161.139 -181.966 -199.118 -213.03 -224.029 -232.355 -238.185 -241.637 -242.779 -241.634 -238.179 -232.346 -224.017 -213.016 -199.1 -181.945 -161.115 -136.035 -105.935 -69.7895 -26.2542 26.3483 69.8839 106.03 136.131 161.213 182.044 199.201 213.119 224.123 232.455 238.292 241.75 242.9 241.763 238.317 232.493 224.174 213.183 199.279 182.136 161.32 136.255 106.171 70.0427 26.5265 -26.0552 -69.568 -105.689 -135.763 -160.814 -181.612 -198.733 -212.61 -223.569 -231.852 -237.633 -241.031 -242.113 -240.901 -237.371 -231.455 -223.031 -211.925 -197.891 -180.604 -159.626 -134.38 -104.093 -67.738 -23.967 28.9006 72.7345 109.216 139.696 165.203 186.515 204.215 218.745 230.44 239.555 246.276 250.736 253.023 253.177 251.201 247.054 240.654 231.867 220.505 206.313 188.946 167.948 142.716 112.448 76.109 32.4235 
-38.7731 -69.9576 -95.3818 -116.314 -133.624 -147.916 -159.622 -169.056 -176.447 -181.963 -185.722 -187.803 -188.246 -187.062 -184.225 -179.679 -173.327 -165.03 -154.595 -141.758 -126.156 -107.291 -84.4532 -56.6154 -22.2707 20.7281 55.0541 82.854 105.634 124.421 139.923 152.637 162.924 171.044 177.188 181.493 184.048 184.908 184.089 181.575 177.312 171.211 163.137 152.899 140.236 124.79 106.063 83.3481 55.6198 21.3726 -21.5391 -55.7874 -83.5178 -106.236 -124.967 -140.419 -153.089 -163.335 -171.419 -177.531 -181.807 -184.336 -185.172 -184.332 -181.797 -177.518 -171.401 -163.312 -153.061 -140.386 -124.929 -106.192 -83.4675 -55.7308 -21.4758 21.4431 55.698 83.4345 106.158 124.895 140.352 153.026 163.277 171.365 177.481 181.76 184.292 185.132 184.294 181.763 177.486 171.372 163.286 153.037 140.365 124.91 106.175 83.4532 55.7188 21.466 -21.4507 -55.7035 -83.4379 -106.159 -124.894 -140.349 -153.021 -163.269 -171.355 -177.469 -181.745 -184.276 -185.113 -184.273 -181.74 -177.46 -171.343 -163.255 -153.003 -140.328 -124.87 -106.132 -83.4071 -55.6693 -21.4131 21.5072 55.7637 83.5021 106.228 124.967 140.426 153.103 163.357 171.448 177.567 181.85 184.387 185.231 184.399 181.873 177.602 171.494 163.415 153.174 140.509 125.064 106.339 83.6276 55.9049 21.665 -21.2376 -55.4747 -83.192 -105.895 -124.609 -140.041 -152.688 -162.908 -170.963 -177.043 -181.282 -183.77 -184.561 -183.669 -181.078 -176.734 -170.546 -162.377 -152.037 -139.262 -123.693 -104.831 -81.9663 -54.0724 -19.6412 23.4755 57.9524 85.9384 108.942 127.995 143.806 156.88 167.581 176.178 182.867 187.795 191.062 192.734 192.842 191.388 188.34 183.635 177.17 168.798 158.315 145.439 129.779 110.785 87.6649 59.2719 24.0105 
